xof 0303txt 0032
template XSkinMeshHeader {
 <3cf169ce-ff7c-44ab-93c0-f78f62d172e2>
 WORD nMaxSkinWeightsPerVertex;
 WORD nMaxSkinWeightsPerFace;
 WORD nBones;
}

template VertexDuplicationIndices {
 <b8d65549-d7c9-4995-89cf-53a9a8b031e3>
 DWORD nIndices;
 DWORD nOriginalVertices;
 array DWORD indices[nIndices];
}

template SkinWeights {
 <6f0d123b-bad2-4167-a0d0-80224f25fabb>
 STRING transformNodeName;
 DWORD nWeights;
 array DWORD vertexIndices[nWeights];
 array FLOAT weights[nWeights];
 Matrix4x4 matrixOffset;
}

template AnimTicksPerSecond {
 <9e415a43-7ba6-4a73-8743-b73d47e88476>
 DWORD AnimTicksPerSecond;
}


AnimTicksPerSecond {
 1;
}

Frame Root {
 

 FrameTransformMatrix {
  1.000000,0.000000,0.000000,0.000000,0.000000,1.000000,0.000000,0.000000,0.000000,0.000000,1.000000,0.000000,0.000000,0.000000,0.000000,1.000000;;
 }

 Frame Dummy01 {
  

  FrameTransformMatrix {
   1.000000,0.000000,0.000000,0.000000,0.000000,-0.258819,-0.965926,0.000000,0.000000,0.965926,-0.258819,0.000000,0.000000,0.000000,0.000000,1.000000;;
  }

  Frame Bip01 {
   

   FrameTransformMatrix {
    0.000001,0.933237,0.359261,0.000000,-0.000000,-0.359261,0.933237,0.000000,1.000000,-0.000001,-0.000000,0.000000,0.000000,0.000000,0.000000,1.000000;;
   }

   Frame Bip01_Pelvis {
    

    FrameTransformMatrix {
     -0.000000,1.000000,-0.000001,0.000000,-0.000001,0.000001,1.000000,0.000000,1.000000,0.000000,0.000001,0.000000,0.000000,0.000000,0.000000,1.000000;;
    }

    Frame Bip01_Spine {
     

     FrameTransformMatrix {
      0.964947,0.000001,0.262445,0.000000,-0.000003,1.000000,0.000004,0.000000,-0.262445,-0.000005,0.964947,0.000000,0.051656,0.000000,-0.000082,1.000000;;
     }

     Frame Bip01_Spine1 {
      

      FrameTransformMatrix {
       0.981495,0.000001,0.191486,0.000000,-0.000001,1.000000,-0.000000,0.000000,-0.191486,-0.000000,0.981495,0.000000,0.106496,-0.000000,-0.000083,1.000000;;
      }

      Frame Bip01_Neck {
       

       FrameTransformMatrix {
        0.903366,0.000001,0.428870,0.000000,-0.000001,1.000000,-0.000000,0.000000,-0.428870,-0.000000,0.903366,0.000000,0.130516,0.000000,0.004628,1.000000;;
       }

       Frame Bip01_Head {
        

        FrameTransformMatrix {
         0.915189,-0.000001,-0.403025,0.000000,0.000001,1.000000,-0.000001,0.000000,0.403025,0.000000,0.915189,0.000000,0.033674,-0.000000,0.000000,1.000000;;
        }

        Frame Bip01_HeadNub {
         

         FrameTransformMatrix {
          1.000000,0.000000,0.000000,0.000000,0.000000,1.000000,-0.000000,0.000000,0.000000,-0.000000,1.000000,0.000000,0.169824,-0.000000,-0.000000,1.000000;;
         }
        }
       }

       Frame Bip01_L_Clavicle {
        

        FrameTransformMatrix {
         -0.078704,0.996195,0.037438,0.000000,0.899588,0.087155,-0.427955,0.000000,-0.429589,-0.000003,-0.903024,0.000000,-0.023698,0.015715,0.006128,1.000000;;
        }

        Frame Bip01_L_UpperArm {
         

         FrameTransformMatrix {
          0.361909,-0.603199,-0.710755,0.000000,0.843159,0.537015,-0.026424,0.000000,0.397625,-0.589716,0.702943,0.000000,0.087086,0.000000,0.000000,1.000000;;
         }

         Frame Bip01_L_Forearm {
          

          FrameTransformMatrix {
           0.472406,0.000000,-0.881381,0.000000,-0.000000,1.000000,0.000000,0.000000,0.881381,0.000000,0.472406,0.000000,0.137062,0.000000,0.000000,1.000000;;
          }

          Frame Bip01_L_Hand {
           

           FrameTransformMatrix {
            0.992321,0.064523,-0.105528,0.000000,0.097887,0.111894,0.988887,0.000000,0.075614,-0.991623,0.104719,0.000000,0.137062,0.000000,0.000000,1.000000;;
           }

           Frame Bip01_L_Finger0 {
            

            FrameTransformMatrix {
             0.384574,-0.204175,0.900231,0.000000,0.681286,0.720818,-0.127559,0.000000,-0.622858,0.662371,0.416310,0.000000,0.057681,-0.023605,-0.000272,1.000000;;
            }

            Frame Bip01_L_Finger0Nub {
             

             FrameTransformMatrix {
              1.000000,-0.000000,0.000000,0.000000,-0.000000,1.000000,0.000000,0.000000,0.000000,0.000000,1.000000,0.000000,0.029435,0.000000,0.000000,1.000000;;
             }
            }
           }

           Frame Bip01_L_Finger1 {
            

            FrameTransformMatrix {
             0.880689,-0.000377,0.473694,0.000000,-0.000000,1.000000,0.000796,0.000000,-0.473695,-0.000701,0.880689,0.000000,0.084102,0.000000,0.000000,1.000000;;
            }

            Frame Bip01_L_Finger1Nub {
             

             FrameTransformMatrix {
              1.000000,0.000000,-0.000000,0.000000,0.000000,1.000000,0.000000,0.000000,-0.000000,-0.000000,1.000000,0.000000,0.047988,-0.000000,0.000000,1.000000;;
             }
            }
           }
          }
         }
        }
       }

       Frame Bip01_R_Clavicle {
        

        FrameTransformMatrix {
         -0.078704,-0.996195,0.037444,0.000000,-0.899588,0.087157,0.427955,0.000000,-0.429589,-0.000003,-0.903024,0.000000,-0.023698,-0.015714,0.006128,1.000000;;
        }

        Frame Bip01_R_UpperArm {
         

         FrameTransformMatrix {
          0.323134,0.625645,-0.710037,0.000000,-0.885886,0.463869,0.005573,0.000000,0.332851,0.627211,0.704142,0.000000,0.087086,0.000000,0.000000,1.000000;;
         }

         Frame Bip01_R_Forearm {
          

          FrameTransformMatrix {
           0.472404,-0.000000,-0.881382,0.000000,0.000000,1.000000,-0.000000,0.000000,0.881382,0.000000,0.472404,0.000000,0.137062,0.000000,0.000000,1.000000;;
          }

          Frame Bip01_R_Hand {
           

           FrameTransformMatrix {
            0.994036,-0.011965,-0.108391,0.000000,-0.104454,0.181037,-0.977914,0.000000,0.031324,0.983403,0.178708,0.000000,0.137062,0.000000,-0.000000,1.000000;;
           }

           Frame Bip01_R_Finger0 {
            

            FrameTransformMatrix {
             0.384575,0.204175,0.900231,0.000000,-0.681287,0.720818,0.127559,0.000000,-0.622858,-0.662371,0.416310,0.000000,0.057681,0.023605,-0.000272,1.000000;;
            }

            Frame Bip01_R_Finger0Nub {
             

             FrameTransformMatrix {
              -1.000000,-0.000000,0.000000,0.000000,-0.000000,1.000000,0.000000,0.000000,0.000000,-0.000000,-1.000000,0.000000,0.029435,0.000000,0.000000,1.000000;;
             }
            }
           }

           Frame Bip01_R_Finger1 {
            

            FrameTransformMatrix {
             0.880689,0.000377,0.473695,0.000000,0.000000,1.000000,-0.000796,0.000000,-0.473695,0.000701,0.880689,0.000000,0.084102,-0.000000,0.000000,1.000000;;
            }

            Frame Bip01_R_Finger1Nub {
             

             FrameTransformMatrix {
              -1.000000,0.000000,0.000000,0.000000,0.000000,1.000000,0.000000,0.000000,-0.000000,0.000000,-1.000000,0.000000,0.047988,0.000000,-0.000000,1.000000;;
             }
            }
           }
          }
         }
        }
       }
      }

      Frame Bip01_BackPack {
       

       FrameTransformMatrix {
        0.190104,-0.000002,-0.981764,0.000000,0.000003,1.000000,-0.000002,0.000000,0.981764,-0.000002,0.190104,0.000000,0.063697,-0.000000,-0.088856,1.000000;;
       }

       Frame Bip01_BackPackNub {
        

        FrameTransformMatrix {
         0.000796,0.000003,1.000000,0.000000,-0.000000,-1.000000,0.000003,0.000000,1.000000,-0.000000,-0.000796,0.000000,0.053240,0.000000,0.000000,1.000000;;
        }
       }
      }
     }

     Frame Bip01_L_Thigh {
      

      FrameTransformMatrix {
       0.005611,0.108408,0.994091,0.000000,0.116398,-0.987420,0.107024,0.000000,0.993187,0.115110,-0.018159,0.000000,-0.049823,0.055225,0.013636,1.000000;;
      }

      Frame Bip01_L_Calf {
       

       FrameTransformMatrix {
        0.382925,0.000000,-0.923780,0.000000,-0.000000,1.000000,0.000000,0.000000,0.923780,-0.000000,0.382925,0.000000,0.237500,-0.000000,-0.000000,1.000000;;
       }

       Frame Bip01_L_Foot {
        

        FrameTransformMatrix {
         0.990990,-0.046726,0.125519,0.000000,0.064825,0.987420,-0.144221,0.000000,-0.117201,0.151059,0.981552,0.000000,0.206841,0.000000,0.000000,1.000000;;
        }

        Frame Bip01_L_Toe0 {
         

         FrameTransformMatrix {
          0.000000,-0.000000,1.000000,0.000000,-0.000000,1.000000,0.000000,0.000000,-1.000000,-0.000000,-0.000000,0.000000,0.065373,-0.000000,0.066450,1.000000;;
         }

         Frame Bip01_L_Toe0Nub {
          

          FrameTransformMatrix {
           -1.000000,-0.000000,-0.000000,0.000000,-0.000000,1.000000,-0.000000,0.000000,-0.000000,0.000000,-1.000000,0.000000,0.006735,-0.000000,0.000000,1.000000;;
          }
         }
        }
       }
      }
     }

     Frame Bip01_R_Thigh {
      

      FrameTransformMatrix {
       -0.002542,-0.116901,0.993140,0.000000,-0.087967,-0.989267,-0.116670,0.000000,0.996120,-0.087660,-0.007769,0.000000,-0.049823,-0.055225,0.013636,1.000000;;
      }

      Frame Bip01_R_Calf {
       

       FrameTransformMatrix {
        0.409226,0.000000,-0.912433,0.000000,-0.000000,1.000000,0.000000,0.000000,0.912433,0.000000,0.409225,0.000000,0.237500,0.000000,0.000000,1.000000;;
       }

       Frame Bip01_R_Foot {
        

        FrameTransformMatrix {
         0.994408,0.017300,0.104179,0.000000,-0.032144,0.989267,0.142540,0.000000,-0.100595,-0.145092,0.984291,0.000000,0.206841,-0.000000,0.000000,1.000000;;
        }

        Frame Bip01_R_Toe0 {
         

         FrameTransformMatrix {
          0.000000,0.000000,1.000000,0.000000,0.000000,1.000000,-0.000000,0.000000,-1.000000,0.000000,0.000000,0.000000,0.065373,0.000000,0.066450,1.000000;;
         }

         Frame Bip01_R_Toe0Nub {
          

          FrameTransformMatrix {
           1.000000,0.000000,0.000000,0.000000,0.000000,1.000000,0.000000,0.000000,0.000000,0.000000,1.000000,0.000000,0.006735,-0.000000,0.000000,1.000000;;
          }
         }
        }
       }
      }
     }
    }

    Frame Bip01_DressFront {
     

     FrameTransformMatrix {
      -0.308236,-0.000002,0.951310,0.000000,-0.000004,1.000000,0.000001,0.000000,-0.951310,-0.000004,-0.308236,0.000000,0.019097,0.001399,0.055492,1.000000;;
     }

     Frame Bip01_DressFront02 {
      

      FrameTransformMatrix {
       0.698867,0.000002,0.715252,0.000000,-0.000002,1.000000,-0.000001,0.000000,-0.715252,-0.000001,0.698867,0.000000,0.183419,-0.000000,-0.000092,1.000000;;
      }

      Frame Bip01_DressFrontNub {
       

       FrameTransformMatrix {
        0.000796,0.000003,1.000000,0.000000,0.000000,-1.000000,0.000003,0.000000,1.000000,-0.000000,-0.000796,0.000000,0.165302,0.000000,0.000000,1.000000;;
       }
      }
     }
    }

    Frame Bip01_DressBack {
     

     FrameTransformMatrix {
      -0.407818,-0.000002,0.913064,0.000000,-0.000004,1.000000,0.000000,0.000000,-0.913064,-0.000003,-0.407818,0.000000,-0.064865,-0.000000,-0.029313,1.000000;;
     }

     Frame Bip01_DressBack02 {
      

      FrameTransformMatrix {
       0.776205,0.000002,0.630480,0.000000,-0.000002,1.000000,-0.000001,0.000000,-0.630480,-0.000001,0.776205,0.000000,0.176227,-0.000000,-0.000084,1.000000;;
      }

      Frame Bip01_DressBackNub {
       

       FrameTransformMatrix {
        0.000796,0.000003,1.000000,0.000000,0.000000,-1.000000,0.000003,0.000000,1.000000,-0.000000,-0.000796,0.000000,0.136508,-0.000000,-0.000000,1.000000;;
       }
      }
     }
    }
   }

   Frame Bip01_Prop1 {
    

    FrameTransformMatrix {
     -0.383356,-0.544072,0.746341,0.000000,0.040636,0.797359,0.602136,0.000000,-0.922706,0.261161,-0.283563,0.000000,0.327693,0.067884,-0.102421,1.000000;;
    }
   }

   Frame Bip01_Prop2 {
    

    FrameTransformMatrix {
     0.995164,-0.095742,-0.021949,0.000000,0.069004,0.840461,-0.537460,0.000000,0.069904,0.533346,0.843004,0.000000,0.327548,0.063192,0.099261,1.000000;;
    }
   }
  }

  Mesh Mesh {
   617;
   0.068854;0.250829;-0.075546;,
   0.028069;0.273907;-0.068495;,
   0.033279;0.241078;-0.075129;,
   0.079004;0.230457;-0.072844;,
   0.084585;0.216036;-0.068607;,
   0.040922;0.206276;-0.082135;,
   0.054006;0.175224;-0.076356;,
   0.090647;0.185733;-0.047201;,
   0.029036;0.304859;-0.039245;,
   0.070030;0.285651;-0.036004;,
   0.078212;0.288286;-0.007878;,
   0.046862;0.294915;-0.003996;,
   0.083349;0.045008;0.043714;,
   0.042026;0.037759;0.067427;,
   0.042914;0.053751;0.062382;,
   0.076569;0.057545;0.040644;,
   0.071273;0.061667;-0.014686;,
   0.084221;0.034035;0.001900;,
   0.043439;0.059002;-0.045351;,
   0.041022;0.005576;-0.040379;,
   0.069941;0.015379;-0.026358;,
   0.000001;0.207190;-0.085308;,
   -0.000000;0.172187;-0.083299;,
   0.000000;0.033535;0.066748;,
   -0.000000;0.051653;0.062164;,
   0.052058;0.167119;0.053061;,
   -0.000000;0.168958;0.056742;,
   0.000001;0.210576;0.051789;,
   0.056990;0.211266;0.047065;,
   0.063093;0.020985;-0.045666;,
   0.078159;0.019146;-0.143258;,
   0.112628;-0.012983;-0.137332;,
   0.094205;-0.011375;-0.032946;,
   0.086498;-0.004561;-0.250801;,
   0.109429;-0.039313;-0.227230;,
   0.013835;0.018373;-0.047262;,
   0.007700;-0.067531;-0.012044;,
   0.025847;-0.076065;-0.132573;,
   0.028080;-0.001057;-0.144412;,
   0.051429;-0.059463;-0.212479;,
   0.053832;-0.031249;-0.235357;,
   0.085205;-0.063207;-0.020144;,
   0.105566;-0.076456;-0.126534;,
   0.091697;-0.062447;-0.206687;,
   0.085920;-0.302361;-0.298369;,
   0.041025;-0.301238;-0.301224;,
   0.046354;-0.318772;-0.255974;,
   0.081211;-0.318697;-0.256232;,
   0.080957;-0.078354;-0.265423;,
   0.073408;-0.149298;-0.285445;,
   0.098091;-0.162937;-0.255690;,
   0.107840;-0.091750;-0.235209;,
   0.066083;-0.226248;-0.305169;,
   0.083039;-0.237588;-0.277027;,
   0.035321;-0.097473;-0.252923;,
   0.030511;-0.098727;-0.197407;,
   0.032761;-0.159081;-0.223695;,
   0.040542;-0.155319;-0.265640;,
   0.048970;-0.232479;-0.253967;,
   0.047119;-0.242166;-0.283911;,
   0.102034;-0.100572;-0.186910;,
   0.093924;-0.167974;-0.217704;,
   0.073120;-0.229707;-0.250817;,
   0.090324;0.004791;0.003995;,
   -0.000001;-0.000814;-0.053010;,
   -0.000001;-0.036596;-0.042723;,
   0.013835;0.018373;-0.047262;,
   0.092057;-0.006171;0.057478;,
   0.042026;-0.010014;0.081229;,
   0.085196;-0.056866;0.013865;,
   0.039276;-0.060890;0.038491;,
   0.047486;0.115274;0.055556;,
   0.083731;0.161922;0.036132;,
   0.095217;0.163309;0.018558;,
   0.088743;0.155853;-0.034221;,
   0.071861;0.108030;-0.019243;,
   0.079480;0.112336;0.030537;,
   0.054400;0.146672;-0.068548;,
   0.048920;0.100281;-0.047390;,
   -0.000000;0.148699;-0.075474;,
   -0.000000;0.095055;-0.051407;,
   0.119258;0.246931;-0.088746;,
   0.069135;0.233929;-0.074110;,
   0.141715;0.206868;-0.110092;,
   0.086906;0.183386;-0.104223;,
   0.109911;0.143717;-0.117647;,
   0.154582;0.161815;-0.123521;,
   0.087324;0.200438;-0.026577;,
   0.104444;0.156588;-0.046433;,
   0.086906;0.183386;-0.104223;,
   0.125958;0.111204;-0.083446;,
   0.109911;0.143717;-0.117647;,
   0.096772;0.201299;-0.020377;,
   0.136388;0.219300;-0.031372;,
   0.159290;0.180327;-0.052099;,
   0.170536;0.129089;-0.089404;,
   0.133590;0.238706;-0.063783;,
   0.153158;0.169878;-0.139261;,
   0.100020;0.148679;-0.134043;,
   0.103536;0.140845;-0.194112;,
   0.137404;0.154976;-0.194931;,
   0.103558;0.130175;-0.233626;,
   0.127068;0.139634;-0.241408;,
   0.100020;0.148679;-0.134043;,
   0.123515;0.091699;-0.119965;,
   0.132355;0.092535;-0.183639;,
   0.103536;0.140845;-0.194112;,
   0.125367;0.097380;-0.230926;,
   0.103558;0.130175;-0.233626;,
   0.176358;0.112828;-0.125068;,
   0.158206;0.103744;-0.184033;,
   0.141246;0.105060;-0.236174;,
   0.080740;0.133192;-0.361075;,
   0.072298;0.129199;-0.341159;,
   0.095315;0.088982;-0.328064;,
   0.103400;0.093404;-0.347716;,
   0.070590;0.137238;-0.296139;,
   0.072792;0.130385;-0.304743;,
   0.076788;0.137930;-0.311682;,
   0.070066;0.147200;-0.302190;,
   0.108709;0.089825;-0.265729;,
   0.114495;0.092370;-0.302553;,
   0.099618;0.142305;-0.294161;,
   0.086339;0.134149;-0.263080;,
   0.142975;0.105423;-0.269468;,
   0.129783;0.100202;-0.312702;,
   0.120597;0.152205;-0.265917;,
   0.115886;0.148319;-0.303943;,
   0.099300;0.285764;-0.036913;,
   0.103975;0.278342;-0.065448;,
   0.070030;0.285651;-0.036004;,
   0.067516;0.276397;-0.061310;,
   0.093799;0.210202;0.029508;,
   0.038722;0.290124;-0.061846;,
   0.099037;0.256528;-0.079102;,
   0.068854;0.250829;-0.075546;,
   0.079004;0.230457;-0.072844;,
   0.097456;0.240294;-0.070986;,
   0.097072;0.249124;0.008089;,
   0.057779;0.249710;0.028777;,
   0.099635;0.251639;0.003011;,
   0.000001;0.245793;0.033744;,
   0.000001;0.289045;-0.007922;,
   0.078212;0.288286;-0.007878;,
   0.099635;0.251639;0.003011;,
   0.085578;0.217777;-0.039296;,
   0.099887;0.241432;-0.003677;,
   0.069135;0.233929;-0.074110;,
   0.095938;0.198666;-0.000368;,
   0.089013;0.186405;-0.032536;,
   0.084585;0.216036;-0.068607;,
   0.101289;0.205590;0.014087;,
   0.086339;0.134149;-0.263080;,
   0.026043;0.324898;-0.059150;,
   0.035203;0.312818;-0.076711;,
   0.000031;0.308295;-0.035703;,
   0.000000;0.330863;-0.052885;,
   0.115886;0.148319;-0.303943;,
   0.080740;0.133192;-0.361075;,
   0.103400;0.093404;-0.347716;,
   0.080800;0.140313;-0.279271;,
   0.085238;0.158900;-0.296758;,
   0.080800;0.140313;-0.279271;,
   0.087723;0.132199;-0.293522;,
   0.101467;0.147568;-0.306963;,
   0.101467;0.147568;-0.306963;,
   0.070590;0.137238;-0.296139;,
   0.070066;0.147200;-0.302190;,
   0.076788;0.137930;-0.311682;,
   0.092160;-0.254538;-0.362290;,
   0.060585;-0.243893;-0.398385;,
   0.061906;-0.258632;-0.411814;,
   0.097720;-0.272119;-0.376813;,
   0.042608;-0.283772;-0.253892;,
   0.046354;-0.318772;-0.255974;,
   0.041025;-0.301238;-0.301224;,
   0.039653;-0.277037;-0.294620;,
   0.048970;-0.232479;-0.253967;,
   0.073120;-0.229707;-0.250817;,
   0.084148;-0.280762;-0.253302;,
   0.085920;-0.302361;-0.298369;,
   0.081211;-0.318697;-0.256232;,
   0.087070;-0.268860;-0.288121;,
   0.066083;-0.226248;-0.305169;,
   0.083039;-0.237588;-0.277027;,
   0.026966;-0.262377;-0.402053;,
   0.033092;-0.250480;-0.389719;,
   0.097720;-0.272119;-0.376813;,
   0.026966;-0.262377;-0.402053;,
   0.028080;-0.001057;-0.144412;,
   0.053832;-0.031249;-0.235357;,
   0.035321;-0.097473;-0.252923;,
   0.040542;-0.155319;-0.265640;,
   0.047119;-0.242166;-0.283911;,
   0.047119;-0.242166;-0.283911;,
   -0.000000;-0.054361;0.006146;,
   0.046110;0.309816;-0.094921;,
   0.037519;0.300804;-0.112401;,
   0.028589;0.294952;-0.108930;,
   0.027269;0.301328;-0.090244;,
   0.038411;0.334851;-0.077835;,
   0.030495;0.350191;-0.060965;,
   0.019681;0.438858;-0.145671;,
   -0.000000;0.443273;-0.146934;,
   -0.000000;0.423603;-0.169389;,
   0.033917;0.361519;-0.171449;,
   0.030249;0.391002;-0.171807;,
   0.016958;0.358573;-0.177488;,
   0.051436;0.337369;-0.099325;,
   0.043398;0.319225;-0.121489;,
   0.044542;0.323201;-0.089702;,
   0.052560;0.375860;-0.092915;,
   0.053036;0.378923;-0.117255;,
   0.052320;0.412360;-0.133569;,
   0.043654;0.402370;-0.158170;,
   0.048803;0.366977;-0.141377;,
   0.039116;0.397983;-0.061508;,
   0.049953;0.384210;-0.078569;,
   -0.000000;0.402150;-0.051102;,
   -0.000000;0.443801;-0.077463;,
   0.032856;0.438962;-0.086683;,
   0.049277;0.345593;-0.133759;,
   0.034842;0.333897;-0.154548;,
   0.034041;0.305981;-0.131904;,
   0.019502;0.279049;-0.135927;,
   -0.000000;0.272980;-0.143887;,
   -0.000000;0.277188;-0.123168;,
   0.025758;0.412087;-0.169053;,
   0.039361;0.429135;-0.142281;,
   0.048001;0.430888;-0.103959;,
   0.034467;0.444925;-0.117437;,
   -0.000000;0.454881;-0.111379;,
   0.017234;0.452058;-0.112949;,
   -0.000000;0.361974;-0.051048;,
   0.048001;0.430888;-0.103959;,
   0.034467;0.444925;-0.117437;,
   0.056104;0.367576;-0.104234;,
   0.055906;0.339767;-0.100719;,
   0.062598;0.371082;-0.091436;,
   0.059464;0.386864;-0.104812;,
   0.062598;0.371082;-0.091436;,
   0.055906;0.339767;-0.100719;,
   0.059464;0.386864;-0.104812;,
   0.053036;0.378923;-0.117255;,
   0.053542;0.353769;-0.116611;,
   0.051436;0.337369;-0.099325;,
   0.034554;0.355183;-0.161045;,
   0.053542;0.353769;-0.116611;,
   0.038722;0.290124;-0.061846;,
   0.035203;0.312818;-0.076711;,
   0.067516;0.276397;-0.061310;,
   0.038411;0.334851;-0.077835;,
   0.000001;0.257888;-0.083231;,
   0.000001;0.234120;-0.082192;,
   -0.000000;0.057020;-0.049101;,
   -0.000000;-0.012609;0.080721;,
   -0.000000;-0.046265;0.074094;,
   -0.000619;-0.064704;0.057374;,
   0.000000;0.278746;-0.103858;,
   -0.000000;-0.054361;0.006146;,
   0.017234;0.452058;-0.112949;,
   -0.000000;0.454881;-0.111379;,
   0.020119;0.307756;-0.150042;,
   0.012582;0.327554;-0.163197;,
   0.012774;0.318236;-0.160678;,
   -0.000000;0.411026;-0.178433;,
   -0.000000;0.386376;-0.184737;,
   0.014875;0.352656;-0.166080;,
   -0.000000;0.114967;0.057696;,
   0.067516;0.276397;-0.061310;,
   0.061906;-0.258632;-0.411814;,
   0.019524;0.301514;-0.147944;,
   0.011857;0.297585;-0.154035;,
   0.011672;0.303214;-0.151940;,
   -0.000000;0.321412;-0.176603;,
   -0.000000;0.315879;-0.165198;,
   0.011420;0.305624;-0.157668;,
   -0.000000;0.303357;-0.152521;,
   -0.000000;0.295229;-0.156197;,
   -0.000000;0.355627;-0.183525;,
   -0.000000;0.347715;-0.177135;,
   0.099887;0.241432;-0.003677;,
   -0.000000;0.304646;-0.161274;,
   0.081010;0.224822;-0.023870;,
   0.085578;0.217777;-0.039296;,
   0.084585;0.216036;-0.068607;,
   0.049953;0.384210;-0.078569;,
   0.080957;-0.078354;-0.265423;,
   0.034049;-0.063673;-0.268856;,
   0.041146;-0.135106;-0.297087;,
   0.073408;-0.149298;-0.285445;,
   0.086498;-0.004561;-0.250801;,
   0.039241;-0.001606;-0.238660;,
   0.078159;0.019146;-0.143258;,
   0.021774;0.015652;-0.143208;,
   0.063093;0.020985;-0.045666;,
   0.014251;0.035465;-0.056808;,
   0.041022;0.005576;-0.040379;,
   0.039318;-0.199743;-0.328962;,
   0.066083;-0.226248;-0.305169;,
   0.033527;-0.181231;-0.203062;,
   0.031642;-0.247539;-0.225497;,
   0.002567;-0.286152;-0.235145;,
   0.001880;-0.220958;-0.202247;,
   0.001641;-0.155492;-0.180058;,
   0.032688;-0.104950;-0.184341;,
   0.001675;-0.112390;-0.148062;,
   0.040329;-0.079013;-0.197780;,
   0.022950;-0.090489;-0.129855;,
   -0.000868;-0.096365;-0.084675;,
   0.000000;-0.074674;0.039678;,
   0.081010;0.224822;-0.023870;,
   -0.068853;0.250829;-0.075546;,
   -0.079002;0.230457;-0.072844;,
   -0.033277;0.241078;-0.075129;,
   -0.028067;0.273907;-0.068495;,
   -0.084704;0.216178;-0.068686;,
   -0.090645;0.185733;-0.047200;,
   -0.054006;0.175224;-0.076356;,
   -0.040920;0.206277;-0.082135;,
   -0.029034;0.304859;-0.039245;,
   -0.046860;0.294915;-0.003995;,
   -0.078106;0.288240;-0.007859;,
   -0.070038;0.285551;-0.035938;,
   -0.083349;0.045007;0.043714;,
   -0.076569;0.057545;0.040644;,
   -0.042914;0.053751;0.062382;,
   -0.042026;0.037758;0.067427;,
   -0.071273;0.061667;-0.014686;,
   -0.084221;0.034035;0.001900;,
   -0.043439;0.059002;-0.045351;,
   -0.069851;0.015437;-0.026385;,
   -0.041024;0.005576;-0.040379;,
   -0.000000;0.051653;0.062164;,
   0.000000;0.033535;0.066748;,
   -0.052058;0.167119;0.053061;,
   -0.056988;0.211266;0.047065;,
   0.000001;0.210576;0.051789;,
   -0.000000;0.168958;0.056742;,
   -0.062434;0.020757;-0.045961;,
   -0.094429;-0.010838;-0.032780;,
   -0.113561;-0.012886;-0.136948;,
   -0.078217;0.018178;-0.143374;,
   -0.111492;-0.040339;-0.226534;,
   -0.087690;-0.006005;-0.250374;,
   -0.013532;0.016653;-0.047630;,
   -0.028739;-0.003456;-0.144497;,
   -0.028592;-0.078359;-0.131813;,
   -0.009042;-0.068791;-0.011692;,
   -0.055723;-0.033920;-0.234951;,
   -0.054011;-0.062445;-0.211909;,
   -0.108263;-0.076409;-0.125455;,
   -0.086624;-0.063018;-0.019554;,
   -0.094320;-0.064214;-0.205906;,
   -0.094698;-0.303662;-0.301297;,
   -0.089989;-0.319998;-0.259159;,
   -0.055132;-0.320073;-0.258902;,
   -0.049803;-0.302539;-0.304152;,
   -0.084530;-0.079653;-0.265597;,
   -0.111641;-0.092694;-0.235432;,
   -0.104316;-0.163797;-0.257177;,
   -0.079392;-0.150451;-0.286864;,
   -0.091833;-0.238654;-0.279916;,
   -0.074728;-0.227322;-0.307981;,
   -0.039455;-0.100436;-0.253731;,
   -0.046615;-0.157860;-0.267388;,
   -0.038698;-0.162586;-0.225565;,
   -0.034343;-0.102793;-0.198277;,
   -0.055897;-0.243467;-0.286839;,
   -0.057530;-0.234526;-0.256931;,
   -0.100076;-0.169614;-0.219312;,
   -0.105822;-0.102523;-0.187328;,
   -0.081633;-0.231284;-0.253661;,
   -0.090324;0.004791;0.003995;,
   -0.013532;0.016653;-0.047630;,
   -0.042026;-0.010014;0.081229;,
   -0.092057;-0.006171;0.057478;,
   -0.040063;-0.061208;0.038757;,
   -0.086038;-0.056728;0.014219;,
   -0.047486;0.115274;0.055557;,
   -0.083731;0.161922;0.036132;,
   -0.095217;0.163309;0.018558;,
   -0.079480;0.112336;0.030538;,
   -0.071861;0.108030;-0.019242;,
   -0.088743;0.155853;-0.034221;,
   -0.048920;0.100281;-0.047390;,
   -0.054400;0.146672;-0.068547;,
   -0.121080;0.245969;-0.087927;,
   -0.141563;0.204502;-0.108563;,
   -0.069504;0.236571;-0.075792;,
   -0.151754;0.158707;-0.121791;,
   -0.105659;0.143881;-0.118197;,
   -0.084977;0.185044;-0.105504;,
   -0.082928;0.201564;-0.027768;,
   -0.084977;0.185044;-0.105504;,
   -0.097749;0.156699;-0.047203;,
   -0.105659;0.143881;-0.118197;,
   -0.117655;0.110084;-0.083583;,
   -0.092107;0.201697;-0.021123;,
   -0.154381;0.176408;-0.050056;,
   -0.133404;0.216825;-0.030070;,
   -0.163646;0.124705;-0.087265;,
   -0.133571;0.236574;-0.062394;,
   -0.151672;0.166944;-0.137506;,
   -0.137551;0.153558;-0.193993;,
   -0.102747;0.141929;-0.194902;,
   -0.096949;0.149644;-0.134995;,
   -0.128301;0.139301;-0.241062;,
   -0.103831;0.131060;-0.234174;,
   -0.096949;0.149644;-0.134995;,
   -0.102747;0.141929;-0.194902;,
   -0.127453;0.091587;-0.183533;,
   -0.115549;0.091024;-0.120357;,
   -0.103831;0.131060;-0.234174;,
   -0.123790;0.097247;-0.231003;,
   -0.154036;0.100883;-0.182604;,
   -0.169967;0.108272;-0.122766;,
   -0.139810;0.103817;-0.235513;,
   -0.080737;0.133190;-0.361075;,
   -0.103397;0.093402;-0.347716;,
   -0.095312;0.088981;-0.328064;,
   -0.072295;0.129198;-0.341159;,
   -0.070589;0.137240;-0.296138;,
   -0.070065;0.147202;-0.302187;,
   -0.076787;0.137932;-0.311680;,
   -0.072791;0.130387;-0.304741;,
   -0.108708;0.089824;-0.265727;,
   -0.086338;0.134148;-0.263078;,
   -0.099617;0.142303;-0.294159;,
   -0.114494;0.092369;-0.302551;,
   -0.129782;0.100201;-0.312701;,
   -0.142974;0.105422;-0.269466;,
   -0.120596;0.152205;-0.265915;,
   -0.115884;0.148318;-0.303941;,
   -0.099296;0.285756;-0.036908;,
   -0.103981;0.278330;-0.065439;,
   -0.067516;0.276397;-0.061309;,
   -0.070038;0.285551;-0.035938;,
   -0.093797;0.210203;0.029508;,
   -0.038720;0.290124;-0.061846;,
   -0.099222;0.256485;-0.079054;,
   -0.098265;0.240711;-0.071172;,
   -0.079002;0.230457;-0.072844;,
   -0.068853;0.250829;-0.075546;,
   -0.096623;0.249232;0.007973;,
   -0.099146;0.251723;0.002905;,
   -0.057777;0.249711;0.028777;,
   0.000001;0.245793;0.033744;,
   0.000001;0.289045;-0.007922;,
   -0.078106;0.288240;-0.007859;,
   -0.099146;0.251723;0.002905;,
   -0.085583;0.217905;-0.039378;,
   -0.069504;0.236571;-0.075792;,
   -0.099513;0.241576;-0.003809;,
   -0.089011;0.186405;-0.032536;,
   -0.095936;0.198667;-0.000367;,
   -0.084704;0.216178;-0.068686;,
   -0.101287;0.205591;0.014086;,
   -0.086338;0.134148;-0.263078;,
   -0.035203;0.312818;-0.076711;,
   -0.026043;0.324898;-0.059150;,
   0.000000;0.330863;-0.052885;,
   0.000031;0.308295;-0.035703;,
   -0.115884;0.148318;-0.303941;,
   -0.080737;0.133190;-0.361075;,
   -0.103397;0.093402;-0.347716;,
   -0.085237;0.158902;-0.296756;,
   -0.080799;0.140313;-0.279270;,
   -0.080799;0.140313;-0.279270;,
   -0.087722;0.132201;-0.293520;,
   -0.101466;0.147570;-0.306961;,
   -0.101466;0.147570;-0.306961;,
   -0.070065;0.147202;-0.302187;,
   -0.070589;0.137240;-0.296138;,
   -0.076787;0.137932;-0.311680;,
   -0.100939;-0.255839;-0.365219;,
   -0.106499;-0.273420;-0.379740;,
   -0.070685;-0.259933;-0.414742;,
   -0.069364;-0.245195;-0.401312;,
   -0.051386;-0.285073;-0.256821;,
   -0.048431;-0.278338;-0.297549;,
   -0.049803;-0.302539;-0.304152;,
   -0.055132;-0.320073;-0.258902;,
   -0.057530;-0.234526;-0.256931;,
   -0.092926;-0.282062;-0.256230;,
   -0.081633;-0.231284;-0.253661;,
   -0.094698;-0.303662;-0.301297;,
   -0.095848;-0.270161;-0.291048;,
   -0.089989;-0.319998;-0.259159;,
   -0.074728;-0.227322;-0.307981;,
   -0.091833;-0.238654;-0.279916;,
   -0.041871;-0.251781;-0.392648;,
   -0.035745;-0.263678;-0.404982;,
   -0.035745;-0.263678;-0.404982;,
   -0.106499;-0.273420;-0.379740;,
   -0.028739;-0.003456;-0.144497;,
   -0.055723;-0.033920;-0.234951;,
   -0.039455;-0.100436;-0.253731;,
   -0.046615;-0.157860;-0.267388;,
   -0.055897;-0.243467;-0.286839;,
   -0.055897;-0.243467;-0.286839;,
   -0.046110;0.309817;-0.094920;,
   -0.027269;0.301328;-0.090244;,
   -0.028589;0.294952;-0.108929;,
   -0.037519;0.300804;-0.112400;,
   -0.038411;0.334852;-0.077835;,
   -0.030495;0.350191;-0.060965;,
   -0.019681;0.438858;-0.145671;,
   -0.000000;0.443273;-0.146934;,
   -0.033917;0.361520;-0.171449;,
   -0.016958;0.358573;-0.177487;,
   -0.030249;0.391002;-0.171806;,
   -0.043398;0.319225;-0.121488;,
   -0.051436;0.337370;-0.099325;,
   -0.044542;0.323201;-0.089701;,
   -0.052560;0.375860;-0.092915;,
   -0.053036;0.378924;-0.117254;,
   -0.048803;0.366977;-0.141376;,
   -0.043654;0.402370;-0.158169;,
   -0.052320;0.412360;-0.133568;,
   -0.049953;0.384211;-0.078569;,
   -0.039116;0.397983;-0.061508;,
   -0.000000;0.402150;-0.051102;,
   -0.032856;0.438963;-0.086683;,
   -0.000000;0.443801;-0.077463;,
   -0.049277;0.345594;-0.133759;,
   -0.034041;0.305981;-0.131903;,
   -0.034842;0.333897;-0.154547;,
   -0.019502;0.279049;-0.135927;,
   -0.025758;0.412087;-0.169052;,
   -0.039361;0.429135;-0.142281;,
   -0.034467;0.444925;-0.117437;,
   -0.048001;0.430888;-0.103959;,
   -0.017234;0.452058;-0.112949;,
   -0.000000;0.454881;-0.111379;,
   -0.000000;0.361974;-0.051048;,
   -0.048001;0.430888;-0.103959;,
   -0.034467;0.444925;-0.117437;,
   -0.062428;0.371083;-0.091436;,
   -0.055809;0.339767;-0.100718;,
   -0.056104;0.367576;-0.104233;,
   -0.059281;0.386864;-0.104811;,
   -0.055809;0.339767;-0.100718;,
   -0.062428;0.371083;-0.091436;,
   -0.059281;0.386864;-0.104811;,
   -0.053036;0.378924;-0.117254;,
   -0.053542;0.353769;-0.116609;,
   -0.051436;0.337370;-0.099325;,
   -0.034554;0.355183;-0.161044;,
   -0.053542;0.353769;-0.116609;,
   -0.035203;0.312818;-0.076711;,
   -0.038720;0.290124;-0.061846;,
   -0.067516;0.276397;-0.061309;,
   -0.038411;0.334852;-0.077835;,
   -0.000000;-0.012609;0.080721;,
   -0.000000;-0.046265;0.074094;,
   -0.000619;-0.064704;0.057374;,
   -0.000000;-0.054361;0.006146;,
   -0.017234;0.452058;-0.112949;,
   -0.000000;0.454881;-0.111379;,
   -0.020119;0.307756;-0.150042;,
   -0.012774;0.318236;-0.160678;,
   -0.012582;0.327554;-0.163197;,
   -0.014875;0.352656;-0.166079;,
   -0.000000;0.114967;0.057696;,
   -0.067516;0.276397;-0.061309;,
   -0.070685;-0.259933;-0.414742;,
   -0.011857;0.297585;-0.154035;,
   -0.019524;0.301514;-0.147944;,
   -0.011672;0.303214;-0.151940;,
   -0.011420;0.305624;-0.157668;,
   -0.099513;0.241576;-0.003809;,
   -0.080923;0.225062;-0.024036;,
   -0.085583;0.217905;-0.039378;,
   -0.084704;0.216178;-0.068686;,
   -0.049953;0.384211;-0.078569;,
   -0.035177;-0.064756;-0.269015;,
   -0.041105;-0.135415;-0.298616;,
   -0.001380;-0.129436;-0.300204;,
   -0.000463;-0.061399;-0.263750;,
   -0.041006;-0.003652;-0.238694;,
   -0.000197;-0.006088;-0.227578;,
   -0.023705;0.013782;-0.143510;,
   -0.000084;0.008004;-0.143476;,
   -0.014435;0.034232;-0.057047;,
   0.000031;0.028293;-0.059854;,
   -0.000001;-0.000814;-0.053010;,
   -0.041024;0.005576;-0.040379;,
   -0.041112;-0.199790;-0.330935;,
   -0.002137;-0.185618;-0.334688;,
   -0.028559;-0.253378;-0.230932;,
   -0.081619;-0.231283;-0.253660;,
   -0.100076;-0.169614;-0.219312;,
   -0.034483;-0.182544;-0.206445;,
   -0.105822;-0.102523;-0.187328;,
   -0.040051;-0.112140;-0.184834;,
   -0.043030;-0.084525;-0.194331;,
   -0.094320;-0.064214;-0.205906;,
   -0.108263;-0.076409;-0.125455;,
   -0.025781;-0.095458;-0.129346;,
   -0.000000;-0.046265;0.074094;,
   -0.040063;-0.061208;0.038757;,
   -0.080923;0.225062;-0.024036;,
   -0.062434;0.020757;-0.045961;,
   -0.078217;0.018178;-0.143374;,
   -0.087690;-0.006005;-0.250374;,
   -0.084530;-0.079653;-0.265597;,
   -0.079392;-0.150451;-0.286864;,
   -0.074728;-0.227322;-0.307981;,
   0.085205;-0.063207;-0.020144;,
   0.105566;-0.076456;-0.126534;,
   0.039276;-0.060890;0.038491;,
   0.091697;-0.062447;-0.206687;,
   0.102034;-0.100572;-0.186910;,
   0.093924;-0.167974;-0.217704;,
   0.073120;-0.229707;-0.250817;,
   -0.086624;-0.063018;-0.019554;;
   916;
   3;0,2,1;,
   3;2,0,3;,
   3;4,6,5;,
   3;6,4,7;,
   3;8,10,9;,
   3;10,8,11;,
   3;12,14,13;,
   3;14,12,15;,
   3;16,12,17;,
   3;12,16,15;,
   3;18,20,19;,
   3;20,18,16;,
   3;5,22,21;,
   3;22,5,6;,
   3;13,24,23;,
   3;24,13,14;,
   3;25,27,26;,
   3;27,25,28;,
   3;29,31,30;,
   3;31,29,32;,
   3;31,33,30;,
   3;33,31,34;,
   3;35,37,36;,
   3;37,35,38;,
   3;38,39,37;,
   3;39,38,40;,
   3;36,42,41;,
   3;42,36,37;,
   3;37,43,42;,
   3;43,37,39;,
   3;41,31,32;,
   3;31,41,42;,
   3;42,34,31;,
   3;34,42,43;,
   3;44,46,45;,
   3;46,44,47;,
   3;48,50,49;,
   3;50,48,51;,
   3;49,53,52;,
   3;53,49,50;,
   3;54,56,55;,
   3;56,54,57;,
   3;57,58,56;,
   3;58,57,59;,
   3;55,61,60;,
   3;61,55,56;,
   3;56,62,61;,
   3;62,56,58;,
   3;60,50,51;,
   3;50,60,61;,
   3;61,53,50;,
   3;53,61,62;,
   3;32,20,63;,
   3;20,32,29;,
   3;64,66,65;,
   3;66,64,19;,
   3;13,67,12;,
   3;67,13,68;,
   3;68,69,67;,
   3;69,68,70;,
   3;70,41,69;,
   3;41,70,36;,
   3;48,34,51;,
   3;34,48,33;,
   3;51,43,60;,
   3;43,51,34;,
   3;43,55,60;,
   3;55,43,39;,
   3;39,54,55;,
   3;54,39,40;,
   3;12,63,17;,
   3;63,12,67;,
   3;67,32,63;,
   3;32,67,69;,
   3;69,41,32;,
   3;71,72,25;,
   3;73,75,74;,
   3;75,73,76;,
   3;75,77,74;,
   3;77,75,78;,
   3;79,78,80;,
   3;78,79,77;,
   3;81,83,82;,
   3;83,85,84;,
   3;85,83,86;,
   3;87,89,88;,
   3;89,90,88;,
   3;90,89,91;,
   3;92,94,93;,
   3;92,88,94;,
   3;92,87,88;,
   3;88,95,94;,
   3;95,88,90;,
   3;96,94,83;,
   3;94,86,83;,
   3;86,94,95;,
   3;97,99,98;,
   3;99,97,100;,
   3;100,101,99;,
   3;101,100,102;,
   3;103,105,104;,
   3;105,103,106;,
   3;106,107,105;,
   3;107,106,108;,
   3;104,110,109;,
   3;110,104,105;,
   3;105,111,110;,
   3;111,105,107;,
   3;109,100,97;,
   3;100,109,110;,
   3;110,102,100;,
   3;102,110,111;,
   3;112,114,113;,
   3;114,112,115;,
   3;116,118,117;,
   3;118,116,119;,
   3;120,122,121;,
   3;122,120,123;,
   3;120,125,124;,
   3;125,120,121;,
   3;126,125,127;,
   3;125,126,124;,
   3;95,97,86;,
   3;97,95,109;,
   3;86,98,85;,
   3;98,86,97;,
   3;90,103,104;,
   3;103,90,91;,
   3;104,95,90;,
   3;95,104,109;,
   3;128,96,129;,
   3;96,128,93;,
   3;129,130,128;,
   3;130,129,131;,
   3;72,28,25;,
   3;28,72,132;,
   3;9,133,8;,
   3;134,136,135;,
   3;136,134,137;,
   3;81,137,134;,
   3;138,11,139;,
   3;138,10,11;,
   3;138,140,10;,
   3;141,11,142;,
   3;11,141,139;,
   3;128,130,143;,
   3;93,144,92;,
   3;93,143,144;,
   3;93,128,143;,
   3;145,87,146;,
   3;87,145,147;,
   3;74,148,73;,
   3;148,74,149;,
   3;150,147,145;,
   3;7,149,74;,
   3;148,151,73;,
   3;102,152,101;,
   3;152,102,126;,
   3;102,124,126;,
   3;124,102,111;,
   3;111,120,124;,
   3;120,111,107;,
   3;120,108,123;,
   3;108,120,107;,
   3;8,154,153;,
   3;154,8,133;,
   3;153,155,8;,
   3;155,153,156;,
   3;121,113,114;,
   3;113,121,122;,
   3;122,112,113;,
   3;112,122,157;,
   3;158,125,159;,
   3;125,158,127;,
   3;159,121,114;,
   3;121,159,125;,
   3;126,160,152;,
   3;160,126,161;,
   3;162,122,123;,
   3;122,162,163;,
   3;122,164,157;,
   3;164,122,163;,
   3;165,126,127;,
   3;126,165,161;,
   3;161,166,160;,
   3;166,161,167;,
   3;162,117,163;,
   3;117,162,116;,
   3;163,118,164;,
   3;118,163,117;,
   3;165,167,161;,
   3;167,165,168;,
   3;169,171,170;,
   3;171,169,172;,
   3;173,175,174;,
   3;175,173,176;,
   3;177,179,178;,
   3;179,177,173;,
   3;180,179,181;,
   3;179,180,182;,
   3;183,169,170;,
   3;169,183,184;,
   3;175,186,185;,
   3;186,175,176;,
   3;45,187,44;,
   3;187,45,188;,
   3;180,169,182;,
   3;169,180,172;,
   3;19,29,66;,
   3;20,29,19;,
   3;29,30,189;,
   3;30,190,189;,
   3;190,30,33;,
   3;33,191,190;,
   3;191,33,48;,
   3;191,49,192;,
   3;49,191,48;,
   3;192,52,193;,
   3;52,192,49;,
   3;194,170,186;,
   3;170,194,183;,
   3;170,185,186;,
   3;185,170,171;,
   3;186,176,194;,
   3;194,173,177;,
   3;173,194,176;,
   3;179,174,181;,
   3;174,179,173;,
   3;178,182,184;,
   3;182,178,179;,
   3;182,169,184;,
   3;16,17,20;,
   3;17,63,20;,
   3;66,195,65;,
   3;196,198,197;,
   3;198,196,199;,
   3;200,153,154;,
   3;153,200,201;,
   3;202,204,203;,
   3;205,207,206;,
   3;196,209,208;,
   3;209,196,197;,
   3;210,208,211;,
   3;208,210,196;,
   3;212,214,213;,
   3;214,212,215;,
   3;212,213,211;,
   3;201,217,216;,
   3;217,201,200;,
   3;218,220,219;,
   3;220,218,216;,
   3;210,199,196;,
   3;214,205,206;,
   3;221,223,222;,
   3;197,198,224;,
   3;224,226,225;,
   3;226,224,198;,
   3;227,214,206;,
   3;228,229,213;,
   3;229,228,230;,
   3;219,232,231;,
   3;214,228,213;,
   3;156,201,233;,
   3;201,156,153;,
   3;233,216,218;,
   3;216,233,201;,
   3;220,216,234;,
   3;235,220,234;,
   3;236,238,237;,
   3;238,236,239;,
   3;208,240,211;,
   3;240,208,241;,
   3;211,242,212;,
   3;242,211,240;,
   3;243,236,244;,
   3;236,243,239;,
   3;244,237,245;,
   3;237,244,236;,
   3;246,221,222;,
   3;221,246,215;,
   3;221,212,247;,
   3;212,221,215;,
   3;199,248,1;,
   3;248,199,249;,
   3;133,9,250;,
   3;249,210,251;,
   3;210,249,199;,
   3;210,211,251;,
   3;252,2,253;,
   3;2,252,1;,
   3;19,254,18;,
   3;254,19,64;,
   3;23,68,13;,
   3;68,23,255;,
   3;68,256,70;,
   3;256,68,255;,
   3;256,36,70;,
   3;36,256,257;,
   3;258,1,252;,
   3;1,258,199;,
   3;257,259,36;,
   3;36,259,35;,
   3;260,203,261;,
   3;203,260,202;,
   3;262,263,222;,
   3;263,262,264;,
   3;198,258,226;,
   3;258,198,199;,
   3;265,204,227;,
   3;265,206,266;,
   3;206,265,227;,
   3;222,267,246;,
   3;267,222,263;,
   3;89,87,147;,
   3;82,83,84;,
   3;78,16,18;,
   3;16,78,75;,
   3;75,15,16;,
   3;15,75,76;,
   3;15,71,14;,
   3;71,15,76;,
   3;14,268,24;,
   3;268,14,71;,
   3;248,269,1;,
   3;1,269,0;,
   3;135,129,134;,
   3;129,135,131;,
   3;134,96,81;,
   3;96,134,129;,
   3;96,83,81;,
   3;94,96,93;,
   3;29,189,66;,
   3;205,215,246;,
   3;267,205,246;,
   3;205,267,207;,
   3;205,214,215;,
   3;187,188,270;,
   3;224,272,271;,
   3;223,221,209;,
   3;224,223,197;,
   3;271,273,262;,
   3;273,271,272;,
   3;263,275,274;,
   3;273,276,262;,
   3;277,272,278;,
   3;272,277,273;,
   3;223,271,262;,
   3;271,223,224;,
   3;223,209,197;,
   3;208,221,247;,
   3;221,208,209;,
   3;222,223,262;,
   3;266,207,279;,
   3;207,266,206;,
   3;207,280,279;,
   3;280,207,267;,
   3;280,263,274;,
   3;263,280,267;,
   3;264,262,276;,
   3;76,73,72;,
   3;138,281,140;,
   3;73,132,72;,
   3;132,73,151;,
   3;72,71,76;,
   3;272,225,278;,
   3;155,11,8;,
   3;276,277,282;,
   3;277,276,273;,
   3;275,276,282;,
   3;276,275,264;,
   3;28,141,27;,
   3;141,28,139;,
   3;139,132,138;,
   3;132,139,28;,
   3;132,281,138;,
   3;281,132,151;,
   3;281,148,283;,
   3;148,281,151;,
   3;283,149,284;,
   3;149,283,148;,
   3;7,284,149;,
   3;284,7,4;,
   3;6,79,22;,
   3;79,6,77;,
   3;77,7,74;,
   3;7,77,6;,
   3;5,3,4;,
   3;3,5,2;,
   3;285,137,82;,
   3;137,285,136;,
   3;137,81,82;,
   3;92,146,87;,
   3;146,92,144;,
   3;2,21,253;,
   3;21,2,5;,
   3;286,213,229;,
   3;251,211,286;,
   3;213,286,211;,
   3;234,216,217;,
   3;227,202,228;,
   3;202,230,228;,
   3;230,202,260;,
   3;232,220,235;,
   3;228,214,227;,
   3;26,71,25;,
   3;71,26,268;,
   3;155,142,11;,
   3;18,80,78;,
   3;80,18,254;,
   3;272,224,225;,
   3;275,263,264;,
