xof 0303txt 0032
template XSkinMeshHeader {
 <3cf169ce-ff7c-44ab-93c0-f78f62d172e2>
 WORD nMaxSkinWeightsPerVertex;
 WORD nMaxSkinWeightsPerFace;
 WORD nBones;
}

template VertexDuplicationIndices {
 <b8d65549-d7c9-4995-89cf-53a9a8b031e3>
 DWORD nIndices;
 DWORD nOriginalVertices;
 array DWORD indices[nIndices];
}

template SkinWeights {
 <6f0d123b-bad2-4167-a0d0-80224f25fabb>
 STRING transformNodeName;
 DWORD nWeights;
 array DWORD vertexIndices[nWeights];
 array FLOAT weights[nWeights];
 Matrix4x4 matrixOffset;
}

template AnimTicksPerSecond {
 <9e415a43-7ba6-4a73-8743-b73d47e88476>
 DWORD AnimTicksPerSecond;
}


AnimTicksPerSecond {
 1;
}

Frame Root {
 

 FrameTransformMatrix {
  1.000000,0.000000,0.000000,0.000000,0.000000,1.000000,0.000000,0.000000,0.000000,0.000000,1.000000,0.000000,0.000000,0.000000,0.000000,1.000000;;
 }

 Frame Dummy01 {
  

  FrameTransformMatrix {
   1.000000,0.000000,0.000000,0.000000,0.000000,-0.461749,-0.887011,0.000000,0.000000,0.887011,-0.461749,0.000000,0.000000,0.000000,0.000000,1.000000;;
  }

  Frame Bip01 {
   

   FrameTransformMatrix {
    0.000001,0.933237,0.359261,0.000000,-0.000000,-0.359261,0.933237,0.000000,1.000000,-0.000001,-0.000000,0.000000,0.000000,0.000000,0.000000,1.000000;;
   }

   Frame Bip01_Pelvis {
    

    FrameTransformMatrix {
     -0.000000,1.000000,-0.000001,0.000000,-0.000001,0.000001,1.000000,0.000000,1.000000,0.000000,0.000001,0.000000,0.000000,0.000000,0.000000,1.000000;;
    }

    Frame Bip01_Spine {
     

     FrameTransformMatrix {
      0.964947,0.000001,0.262445,0.000000,-0.000003,1.000000,0.000004,0.000000,-0.262445,-0.000005,0.964947,0.000000,0.051656,0.000000,-0.000082,1.000000;;
     }

     Frame Bip01_Spine1 {
      

      FrameTransformMatrix {
       0.981495,0.000001,0.191486,0.000000,-0.000001,1.000000,-0.000000,0.000000,-0.191486,-0.000000,0.981495,0.000000,0.106496,-0.000000,-0.000083,1.000000;;
      }

      Frame Bip01_Neck {
       

       FrameTransformMatrix {
        0.903366,0.000001,0.428870,0.000000,-0.000001,1.000000,-0.000000,0.000000,-0.428870,-0.000000,0.903366,0.000000,0.130516,0.000000,0.004628,1.000000;;
       }

       Frame Bip01_Head {
        

        FrameTransformMatrix {
         0.915189,-0.000001,-0.403025,0.000000,0.000001,1.000000,-0.000001,0.000000,0.403025,0.000000,0.915189,0.000000,0.033674,-0.000000,0.000000,1.000000;;
        }

        Frame Bip01_HeadNub {
         

         FrameTransformMatrix {
          1.000000,0.000000,0.000000,0.000000,0.000000,1.000000,-0.000000,0.000000,0.000000,-0.000000,1.000000,0.000000,0.169824,-0.000000,-0.000000,1.000000;;
         }
        }
       }

       Frame Bip01_L_Clavicle {
        

        FrameTransformMatrix {
         -0.078704,0.996195,0.037438,0.000000,0.899588,0.087155,-0.427955,0.000000,-0.429589,-0.000003,-0.903024,0.000000,-0.023698,0.015715,0.006128,1.000000;;
        }

        Frame Bip01_L_UpperArm {
         

         FrameTransformMatrix {
          0.361909,-0.603199,-0.710755,0.000000,0.843159,0.537015,-0.026424,0.000000,0.397625,-0.589716,0.702943,0.000000,0.087086,0.000000,0.000000,1.000000;;
         }

         Frame Bip01_L_Forearm {
          

          FrameTransformMatrix {
           0.472406,0.000000,-0.881381,0.000000,-0.000000,1.000000,0.000000,0.000000,0.881381,0.000000,0.472406,0.000000,0.137062,0.000000,0.000000,1.000000;;
          }

          Frame Bip01_L_Hand {
           

           FrameTransformMatrix {
            0.992321,0.064523,-0.105528,0.000000,0.097887,0.111894,0.988887,0.000000,0.075614,-0.991623,0.104719,0.000000,0.137062,0.000000,0.000000,1.000000;;
           }

           Frame Bip01_L_Finger0 {
            

            FrameTransformMatrix {
             0.384574,-0.204175,0.900231,0.000000,0.681286,0.720818,-0.127559,0.000000,-0.622858,0.662371,0.416310,0.000000,0.057681,-0.023605,-0.000272,1.000000;;
            }

            Frame Bip01_L_Finger0Nub {
             

             FrameTransformMatrix {
              1.000000,-0.000000,0.000000,0.000000,-0.000000,1.000000,0.000000,0.000000,0.000000,0.000000,1.000000,0.000000,0.029435,0.000000,0.000000,1.000000;;
             }
            }
           }

           Frame Bip01_L_Finger1 {
            

            FrameTransformMatrix {
             0.880689,-0.000377,0.473694,0.000000,-0.000000,1.000000,0.000796,0.000000,-0.473695,-0.000701,0.880689,0.000000,0.084102,0.000000,0.000000,1.000000;;
            }

            Frame Bip01_L_Finger1Nub {
             

             FrameTransformMatrix {
              1.000000,0.000000,-0.000000,0.000000,0.000000,1.000000,0.000000,0.000000,-0.000000,-0.000000,1.000000,0.000000,0.047988,-0.000000,0.000000,1.000000;;
             }
            }
           }
          }
         }
        }
       }

       Frame Bip01_R_Clavicle {
        

        FrameTransformMatrix {
         -0.078704,-0.996195,0.037444,0.000000,-0.899588,0.087157,0.427955,0.000000,-0.429589,-0.000003,-0.903024,0.000000,-0.023698,-0.015714,0.006128,1.000000;;
        }

        Frame Bip01_R_UpperArm {
         

         FrameTransformMatrix {
          0.323134,0.625645,-0.710037,0.000000,-0.885886,0.463869,0.005573,0.000000,0.332851,0.627211,0.704142,0.000000,0.087086,0.000000,0.000000,1.000000;;
         }

         Frame Bip01_R_Forearm {
          

          FrameTransformMatrix {
           0.472404,-0.000000,-0.881382,0.000000,0.000000,1.000000,-0.000000,0.000000,0.881382,0.000000,0.472404,0.000000,0.137062,0.000000,0.000000,1.000000;;
          }

          Frame Bip01_R_Hand {
           

           FrameTransformMatrix {
            0.994036,-0.011965,-0.108391,0.000000,-0.104454,0.181037,-0.977914,0.000000,0.031324,0.983403,0.178708,0.000000,0.137062,0.000000,-0.000000,1.000000;;
           }

           Frame Bip01_R_Finger0 {
            

            FrameTransformMatrix {
             0.384575,0.204175,0.900231,0.000000,-0.681287,0.720818,0.127559,0.000000,-0.622858,-0.662371,0.416310,0.000000,0.057681,0.023605,-0.000272,1.000000;;
            }

            Frame Bip01_R_Finger0Nub {
             

             FrameTransformMatrix {
              -1.000000,-0.000000,0.000000,0.000000,-0.000000,1.000000,0.000000,0.000000,0.000000,-0.000000,-1.000000,0.000000,0.029435,0.000000,0.000000,1.000000;;
             }
            }
           }

           Frame Bip01_R_Finger1 {
            

            FrameTransformMatrix {
             0.880689,0.000377,0.473695,0.000000,0.000000,1.000000,-0.000796,0.000000,-0.473695,0.000701,0.880689,0.000000,0.084102,-0.000000,0.000000,1.000000;;
            }

            Frame Bip01_R_Finger1Nub {
             

             FrameTransformMatrix {
              -1.000000,0.000000,0.000000,0.000000,0.000000,1.000000,0.000000,0.000000,-0.000000,0.000000,-1.000000,0.000000,0.047988,0.000000,-0.000000,1.000000;;
             }
            }
           }
          }
         }
        }
       }
      }

      Frame Bip01_BackPack {
       

       FrameTransformMatrix {
        0.190104,-0.000002,-0.981764,0.000000,0.000003,1.000000,-0.000002,0.000000,0.981764,-0.000002,0.190104,0.000000,0.063697,-0.000000,-0.088856,1.000000;;
       }

       Frame Bip01_BackPackNub {
        

        FrameTransformMatrix {
         0.000796,0.000003,1.000000,0.000000,-0.000000,-1.000000,0.000003,0.000000,1.000000,-0.000000,-0.000796,0.000000,0.053240,0.000000,0.000000,1.000000;;
        }
       }
      }
     }

     Frame Bip01_L_Thigh {
      

      FrameTransformMatrix {
       0.005611,0.108408,0.994091,0.000000,0.116398,-0.987420,0.107024,0.000000,0.993187,0.115110,-0.018159,0.000000,-0.049823,0.055225,0.013636,1.000000;;
      }

      Frame Bip01_L_Calf {
       

       FrameTransformMatrix {
        0.382925,0.000000,-0.923780,0.000000,-0.000000,1.000000,0.000000,0.000000,0.923780,-0.000000,0.382925,0.000000,0.237500,-0.000000,-0.000000,1.000000;;
       }

       Frame Bip01_L_Foot {
        

        FrameTransformMatrix {
         0.990990,-0.046726,0.125519,0.000000,0.064825,0.987420,-0.144221,0.000000,-0.117201,0.151059,0.981552,0.000000,0.206841,0.000000,0.000000,1.000000;;
        }

        Frame Bip01_L_Toe0 {
         

         FrameTransformMatrix {
          0.000000,-0.000000,1.000000,0.000000,-0.000000,1.000000,0.000000,0.000000,-1.000000,-0.000000,-0.000000,0.000000,0.065373,-0.000000,0.066450,1.000000;;
         }

         Frame Bip01_L_Toe0Nub {
          

          FrameTransformMatrix {
           -1.000000,-0.000000,-0.000000,0.000000,-0.000000,1.000000,-0.000000,0.000000,-0.000000,0.000000,-1.000000,0.000000,0.006735,-0.000000,0.000000,1.000000;;
          }
         }
        }
       }
      }
     }

     Frame Bip01_R_Thigh {
      

      FrameTransformMatrix {
       -0.002542,-0.116901,0.993140,0.000000,-0.087967,-0.989267,-0.116670,0.000000,0.996120,-0.087660,-0.007769,0.000000,-0.049823,-0.055225,0.013636,1.000000;;
      }

      Frame Bip01_R_Calf {
       

       FrameTransformMatrix {
        0.409226,0.000000,-0.912433,0.000000,-0.000000,1.000000,0.000000,0.000000,0.912433,0.000000,0.409225,0.000000,0.237500,0.000000,0.000000,1.000000;;
       }

       Frame Bip01_R_Foot {
        

        FrameTransformMatrix {
         0.994408,0.017300,0.104179,0.000000,-0.032144,0.989267,0.142540,0.000000,-0.100595,-0.145092,0.984291,0.000000,0.206841,-0.000000,0.000000,1.000000;;
        }

        Frame Bip01_R_Toe0 {
         

         FrameTransformMatrix {
          0.000000,0.000000,1.000000,0.000000,0.000000,1.000000,-0.000000,0.000000,-1.000000,0.000000,0.000000,0.000000,0.065373,0.000000,0.066450,1.000000;;
         }

         Frame Bip01_R_Toe0Nub {
          

          FrameTransformMatrix {
           1.000000,0.000000,0.000000,0.000000,0.000000,1.000000,0.000000,0.000000,0.000000,0.000000,1.000000,0.000000,0.006735,-0.000000,0.000000,1.000000;;
          }
         }
        }
       }
      }
     }
    }

    Frame Bip01_DressFront {
     

     FrameTransformMatrix {
      -0.308236,-0.000002,0.951310,0.000000,-0.000004,1.000000,0.000001,0.000000,-0.951310,-0.000004,-0.308236,0.000000,0.019097,0.001399,0.055492,1.000000;;
     }

     Frame Bip01_DressFront02 {
      

      FrameTransformMatrix {
       0.698867,0.000002,0.715252,0.000000,-0.000002,1.000000,-0.000001,0.000000,-0.715252,-0.000001,0.698867,0.000000,0.183419,-0.000000,-0.000092,1.000000;;
      }

      Frame Bip01_DressFrontNub {
       

       FrameTransformMatrix {
        0.000796,0.000003,1.000000,0.000000,0.000000,-1.000000,0.000003,0.000000,1.000000,-0.000000,-0.000796,0.000000,0.165302,0.000000,0.000000,1.000000;;
       }
      }
     }
    }

    Frame Bip01_DressBack {
     

     FrameTransformMatrix {
      -0.407818,-0.000002,0.913064,0.000000,-0.000004,1.000000,0.000000,0.000000,-0.913064,-0.000003,-0.407818,0.000000,-0.064865,-0.000000,-0.029313,1.000000;;
     }

     Frame Bip01_DressBack02 {
      

      FrameTransformMatrix {
       0.776205,0.000002,0.630480,0.000000,-0.000002,1.000000,-0.000001,0.000000,-0.630480,-0.000001,0.776205,0.000000,0.176227,-0.000000,-0.000084,1.000000;;
      }

      Frame Bip01_DressBackNub {
       

       FrameTransformMatrix {
        0.000796,0.000003,1.000000,0.000000,0.000000,-1.000000,0.000003,0.000000,1.000000,-0.000000,-0.000796,0.000000,0.136508,-0.000000,-0.000000,1.000000;;
       }
      }
     }
    }
   }

   Frame Bip01_Prop1 {
    

    FrameTransformMatrix {
     -0.383356,-0.544072,0.746341,0.000000,0.040636,0.797359,0.602136,0.000000,-0.922706,0.261161,-0.283563,0.000000,0.327693,0.067884,-0.102421,1.000000;;
    }
   }

   Frame Bip01_Prop2 {
    

    FrameTransformMatrix {
     0.995164,-0.095742,-0.021949,0.000000,0.069004,0.840461,-0.537460,0.000000,0.069904,0.533346,0.843004,0.000000,0.327548,0.063192,0.099261,1.000000;;
    }
   }
  }

  Mesh Mesh {
   617;
   0.068854;0.228533;-0.128044;,
   0.028069;0.252589;-0.126156;,
   0.033279;0.219102;-0.125527;,
   0.079004;0.209228;-0.120997;,
   0.084585;0.196066;-0.113739;,
   0.040922;0.183609;-0.124834;,
   0.054006;0.154544;-0.112472;,
   0.090647;0.171114;-0.086283;,
   0.029036;0.289138;-0.104298;,
   0.070030;0.271087;-0.096977;,
   0.078212;0.279748;-0.070088;,
   0.046862;0.287060;-0.067732;,
   0.083349;0.053402;0.032936;,
   0.042026;0.051458;0.057656;,
   0.042914;0.065979;0.049269;,
   0.076569;0.064978;0.027226;,
   0.071273;0.057027;-0.027685;,
   0.084221;0.033640;-0.005512;,
   0.043439;0.047787;-0.057046;,
   0.041022;-0.003296;-0.040629;,
   0.069941;0.009310;-0.029061;,
   0.000001;0.183814;-0.128130;,
   -0.000000;0.150076;-0.118593;,
   -0.000000;0.047187;0.057907;,
   -0.000000;0.063884;0.049511;,
   0.052058;0.174642;0.015632;,
   -0.000000;0.177234;0.018828;,
   0.000001;0.216794;0.004984;,
   0.056990;0.216445;0.000223;,
   0.063093;0.010603;-0.049126;,
   0.078159;-0.012314;-0.144006;,
   0.112628;-0.042399;-0.131267;,
   0.094205;-0.018236;-0.029704;,
   0.086498;-0.058736;-0.243869;,
   0.109429;-0.087563;-0.213335;,
   0.013835;0.007709;-0.050118;,
   0.007700;-0.068537;0.002858;,
   0.025847;-0.102956;-0.112967;,
   0.028080;-0.032288;-0.140760;,
   0.051429;-0.104042;-0.194572;,
   0.053832;-0.081449;-0.223014;,
   0.085205;-0.066068;-0.005986;,
   0.105566;-0.102031;-0.106987;,
   0.091697;-0.105702;-0.188272;,
   0.085920;-0.359773;-0.225853;,
   0.041025;-0.359294;-0.228884;,
   0.046354;-0.366618;-0.180911;,
   0.081211;-0.366601;-0.181180;,
   0.080957;-0.133944;-0.242173;,
   0.073408;-0.207541;-0.246365;,
   0.098091;-0.214416;-0.214363;,
   0.107840;-0.140484;-0.209775;,
   0.066083;-0.286935;-0.248966;,
   0.083039;-0.291915;-0.219037;,
   0.035321;-0.149905;-0.225831;,
   0.030511;-0.139113;-0.171359;,
   0.032761;-0.203727;-0.183961;,
   0.040542;-0.209133;-0.225726;,
   0.048970;-0.281937;-0.197630;,
   0.047119;-0.297875;-0.224767;,
   0.102034;-0.138643;-0.160711;,
   0.093924;-0.211112;-0.176187;,
   0.073120;-0.278549;-0.195154;,
   0.090324;0.005542;0.002863;,
   -0.000001;-0.012268;-0.051577;,
   -0.000001;-0.044975;-0.033790;,
   0.013835;0.007709;-0.050118;,
   0.092057;0.006416;0.057451;,
   0.042026;0.007805;0.081470;,
   0.085196;-0.052518;0.025844;,
   0.039276;-0.051115;0.050758;,
   0.047486;0.124566;0.029289;,
   0.083731;0.165904;0.000229;,
   0.095217;0.163454;-0.017228;,
   0.088743;0.144752;-0.067142;,
   0.071861;0.101304;-0.042168;,
   0.079480;0.116283;0.005499;,
   0.054400;0.128359;-0.098669;,
   0.048920;0.087647;-0.067972;,
   -0.000000;0.128838;-0.105869;,
   -0.000000;0.081675;-0.070762;,
   0.119258;0.221870;-0.140088;,
   0.069135;0.212344;-0.122985;,
   0.141715;0.178137;-0.152257;,
   0.086906;0.156481;-0.141445;,
   0.109911;0.114846;-0.145964;,
   0.154582;0.131244;-0.155617;,
   0.087324;0.189934;-0.069329;,
   0.104444;0.142827;-0.079225;,
   0.086906;0.156481;-0.141445;,
   0.125958;0.090507;-0.105537;,
   0.109911;0.114846;-0.145964;,
   0.096772;0.192116;-0.063463;,
   0.136388;0.207312;-0.078094;,
   0.159290;0.164776;-0.089894;,
   0.170536;0.106679;-0.115225;,
   0.133590;0.219242;-0.113937;,
   0.153158;0.135709;-0.172728;,
   0.100020;0.116141;-0.163045;,
   0.103536;0.095493;-0.219995;,
   0.137404;0.109112;-0.223854;,
   0.103558;0.076523;-0.256263;,
   0.127068;0.084074;-0.265908;,
   0.100020;0.116141;-0.163045;,
   0.123515;0.063560;-0.136968;,
   0.132355;0.050595;-0.199314;,
   0.103536;0.095493;-0.219995;,
   0.125367;0.045090;-0.246529;,
   0.103558;0.076523;-0.256263;,
   0.176358;0.083084;-0.146524;,
   0.158206;0.061453;-0.202125;,
   0.141246;0.051452;-0.253314;,
   0.080740;0.051884;-0.381344;,
   0.072298;0.052296;-0.361036;,
   0.095315;0.015867;-0.339547;,
   0.103400;0.015930;-0.359690;,
   0.070590;0.069889;-0.318824;,
   0.072792;0.061336;-0.325740;,
   0.076788;0.067200;-0.334148;,
   0.070066;0.078305;-0.326887;,
   0.108709;0.030181;-0.278872;,
   0.114495;0.024696;-0.315373;,
   0.099618;0.075263;-0.317988;,
   0.086339;0.074028;-0.285879;,
   0.142975;0.044601;-0.285898;,
   0.129783;0.030146;-0.326978;,
   0.120597;0.091042;-0.292557;,
   0.115886;0.079018;-0.328840;,
   0.099299;0.271001;-0.097889;,
   0.103974;0.257579;-0.124141;,
   0.070030;0.271087;-0.096977;,
   0.067516;0.256575;-0.119680;,
   0.093799;0.211606;-0.016687;,
   0.038722;0.269861;-0.123174;,
   0.099036;0.233326;-0.132750;,
   0.068854;0.228533;-0.128044;,
   0.079004;0.209228;-0.120997;,
   0.097456;0.219234;-0.121312;,
   0.097072;0.244970;-0.046023;,
   0.057779;0.250019;-0.025952;,
   0.099635;0.246326;-0.051525;,
   0.000001;0.247270;-0.020255;,
   0.000001;0.280479;-0.070295;,
   0.078212;0.279748;-0.070088;,
   0.099635;0.246326;-0.051525;,
   0.085578;0.204110;-0.085500;,
   0.099887;0.234913;-0.055846;,
   0.069135;0.212344;-0.122985;,
   0.095938;0.193877;-0.043358;,
   0.089013;0.174944;-0.072110;,
   0.084585;0.196066;-0.113739;,
   0.101289;0.203766;-0.030745;,
   0.086339;0.074028;-0.285879;,
   0.026043;0.304395;-0.128069;,
   0.035203;0.288799;-0.142599;,
   0.000031;0.293260;-0.101584;,
   0.000000;0.311574;-0.123243;,
   0.115886;0.079018;-0.328840;,
   0.080740;0.051884;-0.381344;,
   0.103400;0.015930;-0.359690;,
   0.080800;0.076541;-0.303021;,
   0.085238;0.090903;-0.324116;,
   0.080800;0.076541;-0.303021;,
   0.087723;0.065535;-0.315178;,
   0.101467;0.077631;-0.331626;,
   0.101467;0.077631;-0.331626;,
   0.070590;0.069889;-0.318824;,
   0.070066;0.078305;-0.326887;,
   0.076788;0.067200;-0.334148;,
   0.092160;-0.326918;-0.298611;,
   0.060585;-0.324338;-0.336154;,
   0.061906;-0.341634;-0.346074;,
   0.097720;-0.347226;-0.308983;,
   0.042608;-0.331998;-0.186455;,
   0.046354;-0.366618;-0.180911;,
   0.041025;-0.359294;-0.228884;,
   0.039653;-0.334238;-0.227675;,
   0.048970;-0.281937;-0.197630;,
   0.073120;-0.278549;-0.195154;,
   0.084148;-0.328932;-0.186530;,
   0.085920;-0.359773;-0.225853;,
   0.081211;-0.366601;-0.181180;,
   0.087070;-0.324848;-0.223100;,
   0.066083;-0.286935;-0.248966;,
   0.083039;-0.291915;-0.219037;,
   0.026966;-0.343178;-0.335734;,
   0.033092;-0.328893;-0.326268;,
   0.097720;-0.347226;-0.308983;,
   0.026966;-0.343178;-0.335734;,
   0.028080;-0.032288;-0.140760;,
   0.053832;-0.081449;-0.223014;,
   0.035321;-0.149905;-0.225831;,
   0.040542;-0.209133;-0.225726;,
   0.047119;-0.297875;-0.224767;,
   0.047119;-0.297875;-0.224767;,
   0.000000;-0.051742;0.017766;,
   0.046110;0.281927;-0.159729;,
   0.037519;0.269345;-0.174844;,
   0.028589;0.264383;-0.170188;,
   0.027269;0.274653;-0.153324;,
   0.038411;0.310068;-0.148466;,
   0.030495;0.328695;-0.135316;,
   0.019681;0.396926;-0.237205;,
   -0.000000;0.400963;-0.239393;,
   -0.000000;0.376899;-0.257059;,
   0.033917;0.315841;-0.245633;,
   0.030249;0.344547;-0.252364;,
   0.016958;0.311658;-0.250891;,
   0.051436;0.307874;-0.169992;,
   0.043398;0.285363;-0.187703;,
   0.044542;0.296125;-0.157530;,
   0.052560;0.346840;-0.172065;,
   0.053036;0.344563;-0.196491;,
   0.052320;0.373676;-0.219655;,
   0.043654;0.358598;-0.241510;,
   0.048803;0.327678;-0.217456;,
   0.039116;0.375237;-0.146190;,
   0.049953;0.358098;-0.159866;,
   -0.000000;0.381557;-0.136933;,
   -0.000000;0.416515;-0.171684;,
   0.032856;0.409795;-0.179638;,
   0.049277;0.308450;-0.205390;,
   0.034842;0.292532;-0.223154;,
   0.034041;0.270178;-0.195004;,
   0.019502;0.243014;-0.193103;,
   -0.000000;0.235366;-0.199561;,
   -0.000000;0.243960;-0.180244;,
   0.025758;0.365729;-0.254239;,
   0.039361;0.388168;-0.231791;,
   0.048001;0.398174;-0.194757;,
   0.034467;0.408961;-0.210954;,
   -0.000000;0.419992;-0.207194;,
   0.017234;0.416895;-0.208116;,
   -0.000000;0.342345;-0.128184;,
   0.048001;0.398174;-0.194757;,
   0.034467;0.408961;-0.210954;,
   0.056104;0.336302;-0.181322;,
   0.055906;0.309914;-0.171871;,
   0.062598;0.342495;-0.169586;,
   0.059464;0.355008;-0.186061;,
   0.062598;0.342495;-0.169586;,
   0.055906;0.309914;-0.171871;,
   0.059464;0.355008;-0.186061;,
   0.053036;0.344563;-0.196491;,
   0.053542;0.320144;-0.190418;,
   0.051436;0.307874;-0.169992;,
   0.034554;0.311907;-0.234104;,
   0.053542;0.320144;-0.190418;,
   0.038722;0.269861;-0.123174;,
   0.035203;0.288799;-0.142599;,
   0.067516;0.256575;-0.119680;,
   0.038411;0.310068;-0.148466;,
   0.000001;0.233760;-0.137075;,
   0.000001;0.210781;-0.130917;,
   -0.000000;0.045041;-0.060278;,
   0.000000;0.005162;0.081536;,
   0.000000;-0.029131;0.082351;,
   -0.000619;-0.050753;0.070018;,
   0.000000;0.249659;-0.161728;,
   0.000000;-0.051742;0.017766;,
   0.017234;0.416895;-0.208116;,
   -0.000000;0.419992;-0.207194;,
   0.020119;0.267986;-0.213097;,
   0.012582;0.284468;-0.230225;,
   0.012774;0.275915;-0.225749;,
   -0.000000;0.362663;-0.263167;,
   -0.000000;0.337233;-0.263986;,
   0.014875;0.308350;-0.238472;,
   -0.000000;0.124730;0.031445;,
   0.067516;0.256575;-0.119680;,
   0.061906;-0.341634;-0.346074;,
   0.019524;0.262346;-0.209698;,
   0.011857;0.257191;-0.214794;,
   0.011672;0.263141;-0.213967;,
   -0.000000;0.275570;-0.241984;,
   -0.000000;0.272636;-0.229652;,
   0.011420;0.264254;-0.220081;,
   -0.000000;0.263155;-0.214565;,
   -0.000000;0.254424;-0.216394;,
   -0.000000;0.307475;-0.256147;,
   -0.000000;0.301133;-0.248197;,
   0.099887;0.234913;-0.055846;,
   -0.000000;0.262519;-0.223390;,
   0.081010;0.214326;-0.071965;,
   0.085578;0.204110;-0.085500;,
   0.084585;0.196066;-0.113739;,
   0.049953;0.358098;-0.159866;,
   0.080957;-0.133944;-0.242173;,
   0.034049;-0.120354;-0.248702;,
   0.041146;-0.196205;-0.260802;,
   0.073408;-0.207541;-0.246365;,
   0.086498;-0.058736;-0.243869;,
   0.039241;-0.053223;-0.232656;,
   0.078159;-0.012314;-0.144006;,
   0.021774;-0.015715;-0.143201;,
   0.063093;0.010603;-0.049126;,
   0.014251;0.022329;-0.063137;,
   0.041022;-0.003296;-0.040629;,
   0.039318;-0.266208;-0.277932;,
   0.066083;-0.286935;-0.248966;,
   0.033527;-0.220885;-0.159023;,
   0.031642;-0.290478;-0.166575;,
   0.002567;-0.330265;-0.167637;,
   0.001880;-0.259495;-0.149629;,
   0.001641;-0.190778;-0.142135;,
   0.032688;-0.142361;-0.157256;,
   0.001675;-0.141772;-0.120226;,
   0.040329;-0.119947;-0.175990;,
   0.022950;-0.116450;-0.107192;,
   -0.000868;-0.112408;-0.061811;,
   0.000000;-0.064316;0.054900;,
   0.081010;0.214326;-0.071965;,
   -0.068853;0.228533;-0.128044;,
   -0.079002;0.209228;-0.120997;,
   -0.033277;0.219102;-0.125527;,
   -0.028067;0.252589;-0.126156;,
   -0.084704;0.196187;-0.113848;,
   -0.090645;0.171115;-0.086282;,
   -0.054006;0.154544;-0.112472;,
   -0.040920;0.183610;-0.124834;,
   -0.029034;0.289138;-0.104298;,
   -0.046860;0.287060;-0.067731;,
   -0.078106;0.279706;-0.070059;,
   -0.070038;0.271004;-0.096890;,
   -0.083349;0.053401;0.032937;,
   -0.076569;0.064978;0.027226;,
   -0.042914;0.065979;0.049269;,
   -0.042026;0.051457;0.057656;,
   -0.071273;0.057027;-0.027685;,
   -0.084221;0.033640;-0.005512;,
   -0.043439;0.047787;-0.057046;,
   -0.069851;0.009360;-0.029101;,
   -0.041024;-0.003296;-0.040629;,
   -0.000000;0.063884;0.049511;,
   -0.000000;0.047187;0.057907;,
   -0.052058;0.174642;0.015632;,
   -0.056988;0.216445;0.000223;,
   0.000001;0.216794;0.004984;,
   -0.000000;0.177234;0.018828;,
   -0.062434;0.010318;-0.049365;,
   -0.094429;-0.017676;-0.029657;,
   -0.113561;-0.042222;-0.130913;,
   -0.078217;-0.013284;-0.143910;,
   -0.111492;-0.088414;-0.212434;,
   -0.087690;-0.060054;-0.243139;,
   -0.013532;0.005949;-0.050105;,
   -0.028739;-0.034649;-0.140324;,
   -0.028592;-0.105031;-0.111729;,
   -0.009042;-0.069691;0.003474;,
   -0.055723;-0.083968;-0.222040;,
   -0.054011;-0.106830;-0.193370;,
   -0.108263;-0.101751;-0.105944;,
   -0.086624;-0.065757;-0.005451;,
   -0.094320;-0.107258;-0.187127;,
   -0.094698;-0.361677;-0.228431;,
   -0.089989;-0.368505;-0.183756;,
   -0.055132;-0.368522;-0.183489;,
   -0.049803;-0.361198;-0.231461;,
   -0.084530;-0.135251;-0.242061;,
   -0.111641;-0.141454;-0.209789;,
   -0.104316;-0.215578;-0.215629;,
   -0.079392;-0.208973;-0.247501;,
   -0.091833;-0.293581;-0.221627;,
   -0.074728;-0.288593;-0.251479;,
   -0.039455;-0.152973;-0.225978;,
   -0.046615;-0.211992;-0.226882;,
   -0.038698;-0.207553;-0.185028;,
   -0.034343;-0.143271;-0.171329;,
   -0.055897;-0.299779;-0.227344;,
   -0.057530;-0.284577;-0.200080;,
   -0.100076;-0.213061;-0.177402;,
   -0.105822;-0.140638;-0.160698;,
   -0.081633;-0.280704;-0.197589;,
   -0.090324;0.005542;0.002863;,
   -0.013532;0.005949;-0.050105;,
   -0.042026;0.007805;0.081470;,
   -0.092057;0.006416;0.057451;,
   -0.040063;-0.051368;0.051086;,
   -0.086038;-0.052306;0.026160;,
   -0.047486;0.124566;0.029290;,
   -0.083731;0.165904;0.000229;,
   -0.095217;0.163454;-0.017228;,
   -0.079480;0.116283;0.005500;,
   -0.071861;0.101304;-0.042168;,
   -0.088743;0.144752;-0.067142;,
   -0.048920;0.087647;-0.067972;,
   -0.054400;0.128359;-0.098668;,
   -0.121080;0.221108;-0.139080;,
   -0.141563;0.176157;-0.150252;,
   -0.069504;0.214559;-0.125198;,
   -0.151754;0.128584;-0.153255;,
   -0.105659;0.114888;-0.146537;,
   -0.084977;0.157822;-0.143054;,
   -0.082928;0.190776;-0.070736;,
   -0.084977;0.157822;-0.143054;,
   -0.097749;0.142768;-0.080000;,
   -0.105659;0.114888;-0.146537;,
   -0.117655;0.089384;-0.105428;,
   -0.092107;0.192344;-0.064277;,
   -0.154381;0.161393;-0.087052;,
   -0.133404;0.205177;-0.076287;,
   -0.163646;0.102861;-0.112188;,
   -0.133571;0.217462;-0.112119;,
   -0.151672;0.133225;-0.170379;,
   -0.137551;0.107930;-0.222630;,
   -0.102747;0.096381;-0.221001;,
   -0.096949;0.116879;-0.164184;,
   -0.128301;0.083823;-0.265498;,
   -0.103831;0.077269;-0.256989;,
   -0.096949;0.116879;-0.164184;,
   -0.102747;0.096381;-0.221001;,
   -0.127453;0.049692;-0.199005;,
   -0.115549;0.062816;-0.137205;,
   -0.103831;0.077269;-0.256989;,
   -0.123790;0.044944;-0.246576;,
   -0.154036;0.058969;-0.200111;,
   -0.169967;0.079134;-0.143290;,
   -0.139810;0.050381;-0.252401;,
   -0.080736;0.051882;-0.381344;,
   -0.103396;0.015929;-0.359690;,
   -0.095311;0.015866;-0.339546;,
   -0.072294;0.052295;-0.361036;,
   -0.070589;0.069890;-0.318823;,
   -0.070065;0.078307;-0.326885;,
   -0.076787;0.067202;-0.334146;,
   -0.072791;0.061338;-0.325738;,
   -0.108709;0.030180;-0.278871;,
   -0.086339;0.074027;-0.285878;,
   -0.099618;0.075262;-0.317987;,
   -0.114495;0.024695;-0.315372;,
   -0.129783;0.030145;-0.326977;,
   -0.142975;0.044600;-0.285897;,
   -0.120597;0.091042;-0.292556;,
   -0.115885;0.079018;-0.328839;,
   -0.099296;0.270994;-0.097882;,
   -0.103981;0.257569;-0.124130;,
   -0.067516;0.256576;-0.119679;,
   -0.070038;0.271004;-0.096890;,
   -0.093797;0.211607;-0.016688;,
   -0.038720;0.269861;-0.123174;,
   -0.099222;0.233295;-0.132694;,
   -0.098265;0.219600;-0.121584;,
   -0.079002;0.209228;-0.120997;,
   -0.068853;0.228533;-0.128044;,
   -0.096623;0.245050;-0.046160;,
   -0.099146;0.246385;-0.051646;,
   -0.057777;0.250020;-0.025953;,
   0.000001;0.247270;-0.020255;,
   0.000001;0.280479;-0.070295;,
   -0.078106;0.279706;-0.070059;,
   -0.099146;0.246385;-0.051646;,
   -0.085583;0.204217;-0.085608;,
   -0.069504;0.214559;-0.125198;,
   -0.099513;0.235025;-0.056005;,
   -0.089011;0.174944;-0.072110;,
   -0.095936;0.193879;-0.043358;,
   -0.084704;0.196187;-0.113848;,
   -0.101287;0.203767;-0.030746;,
   -0.086339;0.074027;-0.285878;,
   -0.035203;0.288799;-0.142599;,
   -0.026043;0.304395;-0.128069;,
   0.000000;0.311574;-0.123243;,
   0.000031;0.293260;-0.101584;,
   -0.115885;0.079018;-0.328839;,
   -0.080736;0.051882;-0.381344;,
   -0.103396;0.015929;-0.359690;,
   -0.085237;0.090906;-0.324115;,
   -0.080799;0.076542;-0.303021;,
   -0.080799;0.076542;-0.303021;,
   -0.087722;0.065538;-0.315176;,
   -0.101466;0.077633;-0.331625;,
   -0.101466;0.077633;-0.331625;,
   -0.070065;0.078307;-0.326885;,
   -0.070589;0.069890;-0.318823;,
   -0.076787;0.067202;-0.334146;,
   -0.100939;-0.328822;-0.301188;,
   -0.106499;-0.349130;-0.311560;,
   -0.070685;-0.343538;-0.348651;,
   -0.069364;-0.326243;-0.338730;,
   -0.051386;-0.333902;-0.189032;,
   -0.048431;-0.336142;-0.230252;,
   -0.049803;-0.361198;-0.231461;,
   -0.055132;-0.368522;-0.183489;,
   -0.057530;-0.284577;-0.200080;,
   -0.092926;-0.330834;-0.189107;,
   -0.081633;-0.280704;-0.197589;,
   -0.094698;-0.361677;-0.228431;,
   -0.095848;-0.326752;-0.225676;,
   -0.089989;-0.368505;-0.183756;,
   -0.074728;-0.288593;-0.251479;,
   -0.091833;-0.293581;-0.221627;,
   -0.041871;-0.330797;-0.328845;,
   -0.035745;-0.345082;-0.338311;,
   -0.035745;-0.345082;-0.338311;,
   -0.106499;-0.349130;-0.311560;,
   -0.028739;-0.034649;-0.140324;,
   -0.055723;-0.083968;-0.222040;,
   -0.039455;-0.152973;-0.225978;,
   -0.046615;-0.211992;-0.226882;,
   -0.055897;-0.299779;-0.227344;,
   -0.055897;-0.299779;-0.227344;,
   -0.046110;0.281929;-0.159728;,
   -0.027269;0.274653;-0.153324;,
   -0.028589;0.264384;-0.170188;,
   -0.037519;0.269346;-0.174843;,
   -0.038411;0.310068;-0.148465;,
   -0.030495;0.328695;-0.135316;,
   -0.019681;0.396926;-0.237205;,
   -0.000000;0.400963;-0.239393;,
   -0.033917;0.315842;-0.245633;,
   -0.016958;0.311658;-0.250890;,
   -0.030249;0.344548;-0.252363;,
   -0.043398;0.285363;-0.187702;,
   -0.051436;0.307875;-0.169992;,
   -0.044542;0.296125;-0.157529;,
   -0.052560;0.346840;-0.172065;,
   -0.053036;0.344563;-0.196490;,
   -0.048803;0.327679;-0.217455;,
   -0.043654;0.358598;-0.241510;,
   -0.052320;0.373676;-0.219655;,
   -0.049953;0.358099;-0.159866;,
   -0.039116;0.375237;-0.146190;,
   -0.000000;0.381557;-0.136933;,
   -0.032856;0.409796;-0.179638;,
   -0.000000;0.416515;-0.171684;,
   -0.049277;0.308452;-0.205389;,
   -0.034041;0.270179;-0.195003;,
   -0.034842;0.292533;-0.223153;,
   -0.019502;0.243014;-0.193103;,
   -0.025758;0.365730;-0.254238;,
   -0.039361;0.388168;-0.231791;,
   -0.034467;0.408961;-0.210954;,
   -0.048001;0.398174;-0.194757;,
   -0.017234;0.416895;-0.208116;,
   -0.000000;0.419992;-0.207194;,
   -0.000000;0.342345;-0.128184;,
   -0.048001;0.398174;-0.194757;,
   -0.034467;0.408961;-0.210954;,
   -0.062428;0.342496;-0.169587;,
   -0.055809;0.309914;-0.171870;,
   -0.056104;0.336303;-0.181321;,
   -0.059281;0.355008;-0.186060;,
   -0.055809;0.309914;-0.171870;,
   -0.062428;0.342496;-0.169587;,
   -0.059281;0.355008;-0.186060;,
   -0.053036;0.344563;-0.196490;,
   -0.053542;0.320145;-0.190416;,
   -0.051436;0.307875;-0.169992;,
   -0.034554;0.311907;-0.234103;,
   -0.053542;0.320145;-0.190416;,
   -0.035203;0.288799;-0.142599;,
   -0.038720;0.269861;-0.123174;,
   -0.067516;0.256576;-0.119679;,
   -0.038411;0.310068;-0.148465;,
   0.000000;0.005162;0.081536;,
   0.000000;-0.029131;0.082351;,
   -0.000619;-0.050753;0.070018;,
   0.000000;-0.051742;0.017766;,
   -0.017234;0.416895;-0.208116;,
   -0.000000;0.419992;-0.207194;,
   -0.020119;0.267986;-0.213097;,
   -0.012774;0.275915;-0.225749;,
   -0.012582;0.284468;-0.230225;,
   -0.014875;0.308350;-0.238472;,
   -0.000000;0.124730;0.031445;,
   -0.067516;0.256576;-0.119679;,
   -0.070685;-0.343538;-0.348651;,
   -0.011857;0.257191;-0.214794;,
   -0.019524;0.262346;-0.209698;,
   -0.011672;0.263141;-0.213967;,
   -0.011420;0.264254;-0.220081;,
   -0.099513;0.235025;-0.056005;,
   -0.080923;0.214525;-0.072179;,
   -0.085583;0.204217;-0.085608;,
   -0.084704;0.196187;-0.113848;,
   -0.049953;0.358099;-0.159866;,
   -0.035177;-0.121446;-0.248623;,
   -0.041105;-0.196837;-0.262229;,
   -0.001380;-0.191344;-0.265073;,
   -0.000463;-0.117030;-0.244208;,
   -0.041006;-0.055228;-0.232245;,
   -0.000197;-0.055200;-0.220866;,
   -0.023705;-0.017606;-0.143091;,
   -0.000084;-0.023240;-0.141808;,
   -0.014435;0.021074;-0.063104;,
   0.000031;0.014668;-0.064559;,
   -0.000001;-0.012268;-0.051577;,
   -0.041024;-0.003296;-0.040629;,
   -0.041112;-0.266682;-0.279848;,
   -0.002137;-0.253658;-0.286579;,
   -0.028559;-0.297355;-0.170616;,
   -0.081619;-0.280703;-0.197588;,
   -0.100076;-0.213061;-0.177402;,
   -0.034483;-0.222900;-0.162042;,
   -0.105822;-0.140638;-0.160698;,
   -0.040051;-0.149487;-0.156181;,
   -0.043030;-0.124582;-0.171430;,
   -0.094320;-0.107258;-0.187127;,
   -0.108263;-0.101751;-0.105944;,
   -0.025781;-0.121191;-0.105619;,
   0.000000;-0.029131;0.082351;,
   -0.040063;-0.051368;0.051086;,
   -0.080923;0.214525;-0.072179;,
   -0.062434;0.010318;-0.049365;,
   -0.078217;-0.013284;-0.143910;,
   -0.087690;-0.060054;-0.243139;,
   -0.084530;-0.135251;-0.242061;,
   -0.079392;-0.208973;-0.247501;,
   -0.074728;-0.288593;-0.251479;,
   0.085205;-0.066068;-0.005986;,
   0.105566;-0.102031;-0.106987;,
   0.039276;-0.051115;0.050758;,
   0.091697;-0.105702;-0.188272;,
   0.102034;-0.138643;-0.160711;,
   0.093924;-0.211112;-0.176187;,
   0.073120;-0.278549;-0.195154;,
   -0.086624;-0.065757;-0.005451;;
   916;
   3;0,2,1;,
   3;2,0,3;,
   3;4,6,5;,
   3;6,4,7;,
   3;8,10,9;,
   3;10,8,11;,
   3;12,14,13;,
   3;14,12,15;,
   3;16,12,17;,
   3;12,16,15;,
   3;18,20,19;,
   3;20,18,16;,
   3;5,22,21;,
   3;22,5,6;,
   3;13,24,23;,
   3;24,13,14;,
   3;25,27,26;,
   3;27,25,28;,
   3;29,31,30;,
   3;31,29,32;,
   3;31,33,30;,
   3;33,31,34;,
   3;35,37,36;,
   3;37,35,38;,
   3;38,39,37;,
   3;39,38,40;,
   3;36,42,41;,
   3;42,36,37;,
   3;37,43,42;,
   3;43,37,39;,
   3;41,31,32;,
   3;31,41,42;,
   3;42,34,31;,
   3;34,42,43;,
   3;44,46,45;,
   3;46,44,47;,
   3;48,50,49;,
   3;50,48,51;,
   3;49,53,52;,
   3;53,49,50;,
   3;54,56,55;,
   3;56,54,57;,
   3;57,58,56;,
   3;58,57,59;,
   3;55,61,60;,
   3;61,55,56;,
   3;56,62,61;,
   3;62,56,58;,
   3;60,50,51;,
   3;50,60,61;,
   3;61,53,50;,
   3;53,61,62;,
   3;32,20,63;,
   3;20,32,29;,
   3;64,66,65;,
   3;66,64,19;,
   3;13,67,12;,
   3;67,13,68;,
   3;68,69,67;,
   3;69,68,70;,
   3;70,41,69;,
   3;41,70,36;,
   3;48,34,51;,
   3;34,48,33;,
   3;51,43,60;,
   3;43,51,34;,
   3;43,55,60;,
   3;55,43,39;,
   3;39,54,55;,
   3;54,39,40;,
   3;12,63,17;,
   3;63,12,67;,
   3;67,32,63;,
   3;32,67,69;,
   3;69,41,32;,
   3;71,72,25;,
   3;73,75,74;,
   3;75,73,76;,
   3;75,77,74;,
   3;77,75,78;,
   3;79,78,80;,
   3;78,79,77;,
   3;81,83,82;,
   3;83,85,84;,
   3;85,83,86;,
   3;87,89,88;,
   3;89,90,88;,
   3;90,89,91;,
   3;92,94,93;,
   3;92,88,94;,
   3;92,87,88;,
   3;88,95,94;,
   3;95,88,90;,
   3;96,94,83;,
   3;94,86,83;,
   3;86,94,95;,
   3;97,99,98;,
   3;99,97,100;,
   3;100,101,99;,
   3;101,100,102;,
   3;103,105,104;,
   3;105,103,106;,
   3;106,107,105;,
   3;107,106,108;,
   3;104,110,109;,
   3;110,104,105;,
   3;105,111,110;,
   3;111,105,107;,
   3;109,100,97;,
   3;100,109,110;,
   3;110,102,100;,
   3;102,110,111;,
   3;112,114,113;,
   3;114,112,115;,
   3;116,118,117;,
   3;118,116,119;,
   3;120,122,121;,
   3;122,120,123;,
   3;120,125,124;,
   3;125,120,121;,
   3;126,125,127;,
   3;125,126,124;,
   3;95,97,86;,
   3;97,95,109;,
   3;86,98,85;,
   3;98,86,97;,
   3;90,103,104;,
   3;103,90,91;,
   3;104,95,90;,
   3;95,104,109;,
   3;128,96,129;,
   3;96,128,93;,
   3;129,130,128;,
   3;130,129,131;,
   3;72,28,25;,
   3;28,72,132;,
   3;9,133,8;,
   3;134,136,135;,
   3;136,134,137;,
   3;81,137,134;,
   3;138,11,139;,
   3;138,10,11;,
   3;138,140,10;,
   3;141,11,142;,
   3;11,141,139;,
   3;128,130,143;,
   3;93,144,92;,
   3;93,143,144;,
   3;93,128,143;,
   3;145,87,146;,
   3;87,145,147;,
   3;74,148,73;,
   3;148,74,149;,
   3;150,147,145;,
   3;7,149,74;,
   3;148,151,73;,
   3;102,152,101;,
   3;152,102,126;,
   3;102,124,126;,
   3;124,102,111;,
   3;111,120,124;,
   3;120,111,107;,
   3;120,108,123;,
   3;108,120,107;,
   3;8,154,153;,
   3;154,8,133;,
   3;153,155,8;,
   3;155,153,156;,
   3;121,113,114;,
   3;113,121,122;,
   3;122,112,113;,
   3;112,122,157;,
   3;158,125,159;,
   3;125,158,127;,
   3;159,121,114;,
   3;121,159,125;,
   3;126,160,152;,
   3;160,126,161;,
   3;162,122,123;,
   3;122,162,163;,
   3;122,164,157;,
   3;164,122,163;,
   3;165,126,127;,
   3;126,165,161;,
   3;161,166,160;,
   3;166,161,167;,
   3;162,117,163;,
   3;117,162,116;,
   3;163,118,164;,
   3;118,163,117;,
   3;165,167,161;,
   3;167,165,168;,
   3;169,171,170;,
   3;171,169,172;,
   3;173,175,174;,
   3;175,173,176;,
   3;177,179,178;,
   3;179,177,173;,
   3;180,179,181;,
   3;179,180,182;,
   3;183,169,170;,
   3;169,183,184;,
   3;175,186,185;,
   3;186,175,176;,
   3;45,187,44;,
   3;187,45,188;,
   3;180,169,182;,
   3;169,180,172;,
   3;19,29,66;,
   3;20,29,19;,
   3;29,30,189;,
   3;30,190,189;,
   3;190,30,33;,
   3;33,191,190;,
   3;191,33,48;,
   3;191,49,192;,
   3;49,191,48;,
   3;192,52,193;,
   3;52,192,49;,
   3;194,170,186;,
   3;170,194,183;,
   3;170,185,186;,
   3;185,170,171;,
   3;186,176,194;,
   3;194,173,177;,
   3;173,194,176;,
   3;179,174,181;,
   3;174,179,173;,
   3;178,182,184;,
   3;182,178,179;,
   3;182,169,184;,
   3;16,17,20;,
   3;17,63,20;,
   3;66,195,65;,
   3;196,198,197;,
   3;198,196,199;,
   3;200,153,154;,
   3;153,200,201;,
   3;202,204,203;,
   3;205,207,206;,
   3;196,209,208;,
   3;209,196,197;,
   3;210,208,211;,
   3;208,210,196;,
   3;212,214,213;,
   3;214,212,215;,
   3;212,213,211;,
   3;201,217,216;,
   3;217,201,200;,
   3;218,220,219;,
   3;220,218,216;,
   3;210,199,196;,
   3;214,205,206;,
   3;221,223,222;,
   3;197,198,224;,
   3;224,226,225;,
   3;226,224,198;,
   3;227,214,206;,
   3;228,229,213;,
   3;229,228,230;,
   3;219,232,231;,
   3;214,228,213;,
   3;156,201,233;,
   3;201,156,153;,
   3;233,216,218;,
   3;216,233,201;,
   3;220,216,234;,
   3;235,220,234;,
   3;236,238,237;,
   3;238,236,239;,
   3;208,240,211;,
   3;240,208,241;,
   3;211,242,212;,
   3;242,211,240;,
   3;243,236,244;,
   3;236,243,239;,
   3;244,237,245;,
   3;237,244,236;,
   3;246,221,222;,
   3;221,246,215;,
   3;221,212,247;,
   3;212,221,215;,
   3;199,248,1;,
   3;248,199,249;,
   3;133,9,250;,
   3;249,210,251;,
   3;210,249,199;,
   3;210,211,251;,
   3;252,2,253;,
   3;2,252,1;,
   3;19,254,18;,
   3;254,19,64;,
   3;23,68,13;,
   3;68,23,255;,
   3;68,256,70;,
   3;256,68,255;,
   3;256,36,70;,
   3;36,256,257;,
   3;258,1,252;,
   3;1,258,199;,
   3;257,259,36;,
   3;36,259,35;,
   3;260,203,261;,
   3;203,260,202;,
   3;262,263,222;,
   3;263,262,264;,
   3;198,258,226;,
   3;258,198,199;,
   3;265,204,227;,
   3;265,206,266;,
   3;206,265,227;,
   3;222,267,246;,
   3;267,222,263;,
   3;89,87,147;,
   3;82,83,84;,
   3;78,16,18;,
   3;16,78,75;,
   3;75,15,16;,
   3;15,75,76;,
   3;15,71,14;,
   3;71,15,76;,
   3;14,268,24;,
   3;268,14,71;,
   3;248,269,1;,
   3;1,269,0;,
   3;135,129,134;,
   3;129,135,131;,
   3;134,96,81;,
   3;96,134,129;,
   3;96,83,81;,
   3;94,96,93;,
   3;29,189,66;,
   3;205,215,246;,
   3;267,205,246;,
   3;205,267,207;,
   3;205,214,215;,
   3;187,188,270;,
   3;224,272,271;,
   3;223,221,209;,
   3;224,223,197;,
   3;271,273,262;,
   3;273,271,272;,
   3;263,275,274;,
   3;273,276,262;,
   3;277,272,278;,
   3;272,277,273;,
   3;223,271,262;,
   3;271,223,224;,
   3;223,209,197;,
   3;208,221,247;,
   3;221,208,209;,
   3;222,223,262;,
   3;266,207,279;,
   3;207,266,206;,
   3;207,280,279;,
   3;280,207,267;,
   3;280,263,274;,
   3;263,280,267;,
   3;264,262,276;,
   3;76,73,72;,
   3;138,281,140;,
   3;73,132,72;,
   3;132,73,151;,
   3;72,71,76;,
   3;272,225,278;,
   3;155,11,8;,
   3;276,277,282;,
   3;277,276,273;,
   3;275,276,282;,
   3;276,275,264;,
   3;28,141,27;,
   3;141,28,139;,
   3;139,132,138;,
   3;132,139,28;,
   3;132,281,138;,
   3;281,132,151;,
   3;281,148,283;,
   3;148,281,151;,
   3;283,149,284;,
   3;149,283,148;,
   3;7,284,149;,
   3;284,7,4;,
   3;6,79,22;,
   3;79,6,77;,
   3;77,7,74;,
   3;7,77,6;,
   3;5,3,4;,
   3;3,5,2;,
   3;285,137,82;,
   3;137,285,136;,
   3;137,81,82;,
   3;92,146,87;,
   3;146,92,144;,
   3;2,21,253;,
   3;21,2,5;,
   3;286,213,229;,
   3;251,211,286;,
   3;213,286,211;,
   3;234,216,217;,
   3;227,202,228;,
   3;202,230,228;,
   3;230,202,260;,
   3;232,220,235;,
   3;228,214,227;,
   3;26,71,25;,
   3;71,26,268;,
   3;155,142,11;,
   3;18,80,78;,
   3;80,18,254;,
   3;272,224,225;,
