xof 0303txt 0032
template XSkinMeshHeader {
 <3cf169ce-ff7c-44ab-93c0-f78f62d172e2>
 WORD nMaxSkinWeightsPerVertex;
 WORD nMaxSkinWeightsPerFace;
 WORD nBones;
}

template VertexDuplicationIndices {
 <b8d65549-d7c9-4995-89cf-53a9a8b031e3>
 DWORD nIndices;
 DWORD nOriginalVertices;
 array DWORD indices[nIndices];
}

template SkinWeights {
 <6f0d123b-bad2-4167-a0d0-80224f25fabb>
 STRING transformNodeName;
 DWORD nWeights;
 array DWORD vertexIndices[nWeights];
 array FLOAT weights[nWeights];
 Matrix4x4 matrixOffset;
}

template AnimTicksPerSecond {
 <9e415a43-7ba6-4a73-8743-b73d47e88476>
 DWORD AnimTicksPerSecond;
}


AnimTicksPerSecond {
 1;
}

Frame Root {
 

 FrameTransformMatrix {
  1.000000,0.000000,0.000000,0.000000,0.000000,1.000000,0.000000,0.000000,0.000000,0.000000,1.000000,0.000000,0.000000,0.000000,0.000000,1.000000;;
 }

 Frame Dummy01 {
  

  FrameTransformMatrix {
   1.000000,0.000000,0.000000,0.000000,0.000000,0.422618,-0.906308,0.000000,0.000000,0.906308,0.422618,0.000000,0.000000,0.000000,0.000000,1.000000;;
  }

  Frame Bip01 {
   

   FrameTransformMatrix {
    0.000001,0.933237,0.359261,0.000000,-0.000000,-0.359261,0.933237,0.000000,1.000000,-0.000001,-0.000000,0.000000,0.000000,0.000000,0.000000,1.000000;;
   }

   Frame Bip01_Pelvis {
    

    FrameTransformMatrix {
     -0.000000,1.000000,-0.000001,0.000000,-0.000001,0.000001,1.000000,0.000000,1.000000,0.000000,0.000001,0.000000,0.000000,0.000000,0.000000,1.000000;;
    }

    Frame Bip01_Spine {
     

     FrameTransformMatrix {
      0.964947,0.000001,0.262445,0.000000,-0.000003,1.000000,0.000004,0.000000,-0.262445,-0.000005,0.964947,0.000000,0.051656,0.000000,-0.000082,1.000000;;
     }

     Frame Bip01_Spine1 {
      

      FrameTransformMatrix {
       0.981495,0.000001,0.191486,0.000000,-0.000001,1.000000,-0.000000,0.000000,-0.191486,-0.000000,0.981495,0.000000,0.106496,-0.000000,-0.000083,1.000000;;
      }

      Frame Bip01_Neck {
       

       FrameTransformMatrix {
        0.903366,0.000001,0.428870,0.000000,-0.000001,1.000000,-0.000000,0.000000,-0.428870,-0.000000,0.903366,0.000000,0.130516,0.000000,0.004628,1.000000;;
       }

       Frame Bip01_Head {
        

        FrameTransformMatrix {
         0.915189,-0.000001,-0.403025,0.000000,0.000001,1.000000,-0.000001,0.000000,0.403025,0.000000,0.915189,0.000000,0.033674,-0.000000,0.000000,1.000000;;
        }

        Frame Bip01_HeadNub {
         

         FrameTransformMatrix {
          1.000000,0.000000,0.000000,0.000000,0.000000,1.000000,-0.000000,0.000000,0.000000,-0.000000,1.000000,0.000000,0.169824,-0.000000,-0.000000,1.000000;;
         }
        }
       }

       Frame Bip01_L_Clavicle {
        

        FrameTransformMatrix {
         -0.078704,0.996195,0.037438,0.000000,0.899588,0.087155,-0.427955,0.000000,-0.429589,-0.000003,-0.903024,0.000000,-0.023698,0.015715,0.006128,1.000000;;
        }

        Frame Bip01_L_UpperArm {
         

         FrameTransformMatrix {
          0.361909,-0.603199,-0.710755,0.000000,0.843159,0.537015,-0.026424,0.000000,0.397625,-0.589716,0.702943,0.000000,0.087086,0.000000,0.000000,1.000000;;
         }

         Frame Bip01_L_Forearm {
          

          FrameTransformMatrix {
           0.472406,0.000000,-0.881381,0.000000,-0.000000,1.000000,0.000000,0.000000,0.881381,0.000000,0.472406,0.000000,0.137062,0.000000,0.000000,1.000000;;
          }

          Frame Bip01_L_Hand {
           

           FrameTransformMatrix {
            0.992321,0.064523,-0.105528,0.000000,0.097887,0.111894,0.988887,0.000000,0.075614,-0.991623,0.104719,0.000000,0.137062,0.000000,0.000000,1.000000;;
           }

           Frame Bip01_L_Finger0 {
            

            FrameTransformMatrix {
             0.384574,-0.204175,0.900231,0.000000,0.681286,0.720818,-0.127559,0.000000,-0.622858,0.662371,0.416310,0.000000,0.057681,-0.023605,-0.000272,1.000000;;
            }

            Frame Bip01_L_Finger0Nub {
             

             FrameTransformMatrix {
              1.000000,-0.000000,0.000000,0.000000,-0.000000,1.000000,0.000000,0.000000,0.000000,0.000000,1.000000,0.000000,0.029435,0.000000,0.000000,1.000000;;
             }
            }
           }

           Frame Bip01_L_Finger1 {
            

            FrameTransformMatrix {
             0.880689,-0.000377,0.473694,0.000000,-0.000000,1.000000,0.000796,0.000000,-0.473695,-0.000701,0.880689,0.000000,0.084102,0.000000,0.000000,1.000000;;
            }

            Frame Bip01_L_Finger1Nub {
             

             FrameTransformMatrix {
              1.000000,0.000000,-0.000000,0.000000,0.000000,1.000000,0.000000,0.000000,-0.000000,-0.000000,1.000000,0.000000,0.047988,-0.000000,0.000000,1.000000;;
             }
            }
           }
          }
         }
        }
       }

       Frame Bip01_R_Clavicle {
        

        FrameTransformMatrix {
         -0.078704,-0.996195,0.037444,0.000000,-0.899588,0.087157,0.427955,0.000000,-0.429589,-0.000003,-0.903024,0.000000,-0.023698,-0.015714,0.006128,1.000000;;
        }

        Frame Bip01_R_UpperArm {
         

         FrameTransformMatrix {
          0.323134,0.625645,-0.710037,0.000000,-0.885886,0.463869,0.005573,0.000000,0.332851,0.627211,0.704142,0.000000,0.087086,0.000000,0.000000,1.000000;;
         }

         Frame Bip01_R_Forearm {
          

          FrameTransformMatrix {
           0.472404,-0.000000,-0.881382,0.000000,0.000000,1.000000,-0.000000,0.000000,0.881382,0.000000,0.472404,0.000000,0.137062,0.000000,0.000000,1.000000;;
          }

          Frame Bip01_R_Hand {
           

           FrameTransformMatrix {
            0.994036,-0.011965,-0.108391,0.000000,-0.104454,0.181037,-0.977914,0.000000,0.031324,0.983403,0.178708,0.000000,0.137062,0.000000,-0.000000,1.000000;;
           }

           Frame Bip01_R_Finger0 {
            

            FrameTransformMatrix {
             0.384575,0.204175,0.900231,0.000000,-0.681287,0.720818,0.127559,0.000000,-0.622858,-0.662371,0.416310,0.000000,0.057681,0.023605,-0.000272,1.000000;;
            }

            Frame Bip01_R_Finger0Nub {
             

             FrameTransformMatrix {
              -1.000000,-0.000000,0.000000,0.000000,-0.000000,1.000000,0.000000,0.000000,0.000000,-0.000000,-1.000000,0.000000,0.029435,0.000000,0.000000,1.000000;;
             }
            }
           }

           Frame Bip01_R_Finger1 {
            

            FrameTransformMatrix {
             0.880689,0.000377,0.473695,0.000000,0.000000,1.000000,-0.000796,0.000000,-0.473695,0.000701,0.880689,0.000000,0.084102,-0.000000,0.000000,1.000000;;
            }

            Frame Bip01_R_Finger1Nub {
             

             FrameTransformMatrix {
              -1.000000,0.000000,0.000000,0.000000,0.000000,1.000000,0.000000,0.000000,-0.000000,0.000000,-1.000000,0.000000,0.047988,0.000000,-0.000000,1.000000;;
             }
            }
           }
          }
         }
        }
       }
      }

      Frame Bip01_BackPack {
       

       FrameTransformMatrix {
        0.190104,-0.000002,-0.981764,0.000000,0.000003,1.000000,-0.000002,0.000000,0.981764,-0.000002,0.190104,0.000000,0.063697,-0.000000,-0.088856,1.000000;;
       }

       Frame Bip01_BackPackNub {
        

        FrameTransformMatrix {
         0.000796,0.000003,1.000000,0.000000,-0.000000,-1.000000,0.000003,0.000000,1.000000,-0.000000,-0.000796,0.000000,0.053240,0.000000,0.000000,1.000000;;
        }
       }
      }
     }

     Frame Bip01_L_Thigh {
      

      FrameTransformMatrix {
       0.005611,0.108408,0.994091,0.000000,0.116398,-0.987420,0.107024,0.000000,0.993187,0.115110,-0.018159,0.000000,-0.049823,0.055225,0.013636,1.000000;;
      }

      Frame Bip01_L_Calf {
       

       FrameTransformMatrix {
        0.382925,0.000000,-0.923780,0.000000,-0.000000,1.000000,0.000000,0.000000,0.923780,-0.000000,0.382925,0.000000,0.237500,-0.000000,-0.000000,1.000000;;
       }

       Frame Bip01_L_Foot {
        

        FrameTransformMatrix {
         0.990990,-0.046726,0.125519,0.000000,0.064825,0.987420,-0.144221,0.000000,-0.117201,0.151059,0.981552,0.000000,0.206841,0.000000,0.000000,1.000000;;
        }

        Frame Bip01_L_Toe0 {
         

         FrameTransformMatrix {
          0.000000,-0.000000,1.000000,0.000000,-0.000000,1.000000,0.000000,0.000000,-1.000000,-0.000000,-0.000000,0.000000,0.065373,-0.000000,0.066450,1.000000;;
         }

         Frame Bip01_L_Toe0Nub {
          

          FrameTransformMatrix {
           -1.000000,-0.000000,-0.000000,0.000000,-0.000000,1.000000,-0.000000,0.000000,-0.000000,0.000000,-1.000000,0.000000,0.006735,-0.000000,0.000000,1.000000;;
          }
         }
        }
       }
      }
     }

     Frame Bip01_R_Thigh {
      

      FrameTransformMatrix {
       -0.002542,-0.116901,0.993140,0.000000,-0.087967,-0.989267,-0.116670,0.000000,0.996120,-0.087660,-0.007769,0.000000,-0.049823,-0.055225,0.013636,1.000000;;
      }

      Frame Bip01_R_Calf {
       

       FrameTransformMatrix {
        0.409226,0.000000,-0.912433,0.000000,-0.000000,1.000000,0.000000,0.000000,0.912433,0.000000,0.409225,0.000000,0.237500,0.000000,0.000000,1.000000;;
       }

       Frame Bip01_R_Foot {
        

        FrameTransformMatrix {
         0.994408,0.017300,0.104179,0.000000,-0.032144,0.989267,0.142540,0.000000,-0.100595,-0.145092,0.984291,0.000000,0.206841,-0.000000,0.000000,1.000000;;
        }

        Frame Bip01_R_Toe0 {
         

         FrameTransformMatrix {
          0.000000,0.000000,1.000000,0.000000,0.000000,1.000000,-0.000000,0.000000,-1.000000,0.000000,0.000000,0.000000,0.065373,0.000000,0.066450,1.000000;;
         }

         Frame Bip01_R_Toe0Nub {
          

          FrameTransformMatrix {
           1.000000,0.000000,0.000000,0.000000,0.000000,1.000000,0.000000,0.000000,0.000000,0.000000,1.000000,0.000000,0.006735,-0.000000,0.000000,1.000000;;
          }
         }
        }
       }
      }
     }
    }

    Frame Bip01_DressFront {
     

     FrameTransformMatrix {
      -0.308236,-0.000002,0.951310,0.000000,-0.000004,1.000000,0.000001,0.000000,-0.951310,-0.000004,-0.308236,0.000000,0.019097,0.001399,0.055492,1.000000;;
     }

     Frame Bip01_DressFront02 {
      

      FrameTransformMatrix {
       0.698867,0.000002,0.715252,0.000000,-0.000002,1.000000,-0.000001,0.000000,-0.715252,-0.000001,0.698867,0.000000,0.183419,-0.000000,-0.000092,1.000000;;
      }

      Frame Bip01_DressFrontNub {
       

       FrameTransformMatrix {
        0.000796,0.000003,1.000000,0.000000,0.000000,-1.000000,0.000003,0.000000,1.000000,-0.000000,-0.000796,0.000000,0.165302,0.000000,0.000000,1.000000;;
       }
      }
     }
    }

    Frame Bip01_DressBack {
     

     FrameTransformMatrix {
      -0.407818,-0.000002,0.913064,0.000000,-0.000004,1.000000,0.000000,0.000000,-0.913064,-0.000003,-0.407818,0.000000,-0.064865,-0.000000,-0.029313,1.000000;;
     }

     Frame Bip01_DressBack02 {
      

      FrameTransformMatrix {
       0.776205,0.000002,0.630480,0.000000,-0.000002,1.000000,-0.000001,0.000000,-0.630480,-0.000001,0.776205,0.000000,0.176227,-0.000000,-0.000084,1.000000;;
      }

      Frame Bip01_DressBackNub {
       

       FrameTransformMatrix {
        0.000796,0.000003,1.000000,0.000000,0.000000,-1.000000,0.000003,0.000000,1.000000,-0.000000,-0.000796,0.000000,0.136508,-0.000000,-0.000000,1.000000;;
       }
      }
     }
    }
   }

   Frame Bip01_Prop1 {
    

    FrameTransformMatrix {
     -0.383356,-0.544072,0.746341,0.000000,0.040636,0.797359,0.602136,0.000000,-0.922706,0.261161,-0.283563,0.000000,0.327693,0.067884,-0.102421,1.000000;;
    }
   }

   Frame Bip01_Prop2 {
    

    FrameTransformMatrix {
     0.995164,-0.095742,-0.021949,0.000000,0.069004,0.840461,-0.537460,0.000000,0.069904,0.533346,0.843004,0.000000,0.327548,0.063192,0.099261,1.000000;;
    }
   }
  }

  Mesh Mesh {
   617;
   0.068854;0.240706;0.103359;,
   0.028069;0.253852;0.123594;,
   0.033279;0.232969;0.097410;,
   0.079004;0.223364;0.092333;,
   0.084585;0.209592;0.086309;,
   0.040922;0.210812;0.069673;,
   0.054006;0.183310;0.054140;,
   0.090647;0.172620;0.083229;,
   0.029036;0.258762;0.165896;,
   0.070030;0.241964;0.156032;,
   0.078212;0.225904;0.179272;,
   0.046862;0.228486;0.186507;,
   0.083349;0.006379;0.062417;,
   0.042026;-0.014416;0.075923;,
   0.042914;0.001077;0.082338;,
   0.076569;0.017957;0.068125;,
   0.071273;0.056680;0.028389;,
   0.084221;0.024852;0.023333;,
   0.043439;0.074349;0.003185;,
   0.041022;0.030227;-0.027348;,
   0.069941;0.028723;-0.010305;,
   0.000001;0.213552;0.067829;,
   -0.000000;0.185447;0.046868;,
   -0.000000;-0.017215;0.072688;,
   -0.000000;-0.000390;0.080823;,
   0.052058;0.093913;0.148069;,
   -0.000000;0.092956;0.152071;,
   0.000001;0.128022;0.175028;,
   0.056990;0.131586;0.171853;,
   0.063093;0.045429;-0.021494;,
   0.078159;0.106751;-0.097435;,
   0.112628;0.078330;-0.113548;,
   0.094205;0.012464;-0.032550;,
   0.086498;0.157718;-0.195057;,
   0.109429;0.115945;-0.199339;,
   0.013835;0.044454;-0.024394;,
   0.007700;-0.043990;-0.052635;,
   0.025847;0.026947;-0.150450;,
   0.028080;0.092017;-0.111305;,
   0.051429;0.091027;-0.200990;,
   0.053832;0.127346;-0.200380;,
   0.085205;-0.035471;-0.056060;,
   0.105566;0.022766;-0.146076;,
   0.091697;0.085019;-0.198471;,
   0.085920;-0.039834;-0.422918;,
   0.041025;-0.037139;-0.424383;,
   0.046354;-0.079656;-0.400990;,
   0.081211;-0.079433;-0.401139;,
   0.080957;0.110588;-0.253691;,
   0.073408;0.069111;-0.314630;,
   0.098091;0.039538;-0.300603;,
   0.107840;0.080905;-0.239156;,
   0.066083;0.022843;-0.379202;,
   0.083039;-0.003933;-0.364933;,
   0.035321;0.087907;-0.256404;,
   0.030511;0.051261;-0.214683;,
   0.032761;0.021925;-0.273615;,
   0.040542;0.051769;-0.303330;,
   0.048970;-0.014842;-0.343985;,
   0.047119;-0.003016;-0.373150;,
   0.102034;0.043101;-0.207827;,
   0.093924;0.011262;-0.274742;,
   0.073120;-0.014744;-0.339790;,
   0.090324;0.001102;0.006140;,
   -0.000001;0.033451;-0.041131;,
   -0.000001;-0.000572;-0.056251;,
   0.013835;0.044454;-0.024394;,
   0.092057;-0.041673;0.040064;,
   0.042026;-0.059884;0.055788;,
   0.085196;-0.052474;-0.025932;,
   0.039276;-0.071386;-0.009653;,
   0.047486;0.052594;0.116655;,
   0.083731;0.100814;0.131760;,
   0.095217;0.113173;0.119189;,
   0.088743;0.141387;0.073966;,
   0.071861;0.095124;0.054699;,
   0.079480;0.066426;0.095601;,
   0.054400;0.156419;0.041768;,
   0.048920;0.107282;0.028156;,
   -0.000000;0.162423;0.037765;,
   -0.000000;0.105860;0.021720;,
   0.119258;0.246204;0.090741;,
   0.069135;0.226836;0.093595;,
   0.141715;0.229235;0.048637;,
   0.086906;0.207475;0.038038;,
   0.109911;0.185715;0.002256;,
   0.154582;0.203355;0.009390;,
   0.087324;0.170626;0.108479;,
   0.104444;0.149800;0.065083;,
   0.086906;0.207475;0.038038;,
   0.125958;0.138825;0.007557;,
   0.109911;0.185715;0.002256;,
   0.096772;0.167301;0.113782;,
   0.136388;0.188158;0.116931;,
   0.159290;0.171626;0.076001;,
   0.170536;0.156356;0.014490;,
   0.133590;0.223857;0.104576;,
   0.153158;0.219649;0.002516;,
   0.100020;0.200055;-0.007113;,
   0.103536;0.232666;-0.058164;,
   0.137404;0.244018;-0.049708;,
   0.103558;0.249892;-0.095293;,
   0.127068;0.262140;-0.095173;,
   0.100020;0.200055;-0.007113;,
   0.123515;0.147357;-0.032954;,
   0.132355;0.188927;-0.081194;,
   0.103536;0.232666;-0.058164;,
   0.125367;0.223034;-0.114305;,
   0.103558;0.249892;-0.095293;,
   0.176358;0.166823;-0.023282;,
   0.158206;0.197767;-0.074291;,
   0.141246;0.232290;-0.113387;,
   0.080740;0.334125;-0.190985;,
   0.072298;0.318265;-0.178295;,
   0.095315;0.279040;-0.194115;,
   0.103400;0.295059;-0.206327;,
   0.070590;0.295483;-0.138641;,
   0.072792;0.295765;-0.149637;,
   0.076788;0.306004;-0.150103;,
   0.070066;0.307003;-0.136873;,
   0.108709;0.239617;-0.145822;,
   0.114495;0.265237;-0.172394;,
   0.099618;0.298094;-0.133869;,
   0.086339;0.271868;-0.115301;,
   0.142975;0.253969;-0.138660;,
   0.129783;0.277760;-0.175135;,
   0.120597;0.287524;-0.105868;,
   0.115886;0.308989;-0.137496;,
   0.099300;0.242636;0.155408;,
   0.103975;0.255291;0.128779;,
   0.070030;0.241964;0.156032;,
   0.067516;0.251142;0.130698;,
   0.093799;0.142056;0.157720;,
   0.038722;0.262002;0.139112;,
   0.099037;0.247357;0.104297;,
   0.068854;0.240706;0.103359;,
   0.079004;0.223364;0.092333;,
   0.097456;0.229705;0.100080;,
   0.097072;0.185641;0.166330;,
   0.057779;0.172791;0.182555;,
   0.099635;0.190831;0.164057;,
   0.000001;0.166598;0.183842;,
   0.000001;0.226513;0.179726;,
   0.078212;0.225904;0.179272;,
   0.099635;0.190831;0.164057;,
   0.085578;0.192086;0.109882;,
   0.099887;0.187311;0.152372;,
   0.069135;0.226836;0.093595;,
   0.095938;0.152424;0.127418;,
   0.089013;0.163708;0.094895;,
   0.084585;0.209592;0.086309;,
   0.101289;0.148437;0.142942;,
   0.086339;0.271868;-0.115301;,
   0.026043;0.286907;0.163529;,
   0.035203;0.288941;0.142311;,
   0.000031;0.259117;0.170818;,
   0.000000;0.287450;0.172162;,
   0.115886;0.308989;-0.137496;,
   0.080740;0.334125;-0.190985;,
   0.103400;0.295059;-0.206327;,
   0.080800;0.286996;-0.123743;,
   0.085238;0.312476;-0.125191;,
   0.080800;0.286996;-0.123743;,
   0.087723;0.289941;-0.139875;,
   0.101467;0.310355;-0.140293;,
   0.101467;0.310355;-0.140293;,
   0.070590;0.295483;-0.138641;,
   0.070066;0.307003;-0.136873;,
   0.076788;0.306004;-0.150103;,
   0.092160;0.037889;-0.441144;,
   0.060585;0.069244;-0.461952;,
   0.061906;0.066586;-0.481713;,
   0.097720;0.033755;-0.463570;,
   0.042608;-0.054183;-0.376898;,
   0.046354;-0.079656;-0.400990;,
   0.041025;-0.037139;-0.424383;,
   0.039653;-0.022844;-0.403768;,
   0.048970;-0.014842;-0.343985;,
   0.073120;-0.014744;-0.339790;,
   0.084148;-0.052257;-0.374511;,
   0.085920;-0.039834;-0.422918;,
   0.081211;-0.079433;-0.401139;,
   0.087070;-0.020758;-0.393534;,
   0.066083;0.022843;-0.379202;,
   0.083039;-0.003933;-0.364933;,
   0.026966;0.057442;-0.476644;,
   0.033092;0.058628;-0.459547;,
   0.097720;0.033755;-0.463570;,
   0.026966;0.057442;-0.476644;,
   0.028080;0.092017;-0.111305;,
   0.053832;0.127346;-0.200380;,
   0.035321;0.087907;-0.256404;,
   0.040542;0.051769;-0.303330;,
   0.047119;-0.003016;-0.373150;,
   0.047119;-0.003016;-0.373150;,
   0.000000;-0.045593;-0.030234;,
   0.046110;0.298347;0.126430;,
   0.037519;0.302680;0.107247;,
   0.028589;0.295966;0.106144;,
   0.027269;0.288838;0.124559;,
   0.038411;0.306543;0.155612;,
   0.030495;0.307450;0.178395;,
   0.019681;0.429821;0.170500;,
   -0.000000;0.434014;0.172371;,
   -0.000000;0.433380;0.142525;,
   0.033917;0.387145;0.101040;,
   0.030249;0.409961;0.119717;,
   0.016958;0.388770;0.094521;,
   0.051436;0.322285;0.140767;,
   0.043398;0.322632;0.112126;,
   0.044542;0.305246;0.139032;,
   0.052560;0.347650;0.170419;,
   0.053036;0.365643;0.153742;,
   0.052320;0.401743;0.162738;,
   0.043654;0.409903;0.137471;,
   0.048803;0.371997;0.127585;,
   0.039116;0.344410;0.208699;,
   0.049953;0.344826;0.186777;,
   -0.000000;0.340913;0.219349;,
   -0.000000;0.389764;0.225928;,
   0.032856;0.391983;0.215754;,
   0.049277;0.350719;0.119675;,
   0.034842;0.355122;0.096233;,
   0.034041;0.319181;0.095635;,
   0.019502;0.301136;0.075242;,
   -0.000000;0.301603;0.065243;,
   -0.000000;0.291510;0.083820;,
   0.025758;0.424342;0.135381;,
   0.039361;0.420193;0.166847;,
   0.048001;0.396903;0.197331;,
   0.034467;0.416320;0.196028;,
   -0.000000;0.420053;0.207069;,
   0.017234;0.418899;0.204051;,
   -0.000000;0.310101;0.193566;,
   0.048001;0.396903;0.197331;,
   0.034467;0.416320;0.196028;,
   0.056104;0.348580;0.156424;,
   0.055906;0.325018;0.141241;,
   0.062598;0.343039;0.168481;,
   0.059464;0.363727;0.168379;,
   0.062598;0.343039;0.168481;,
   0.055906;0.325018;0.141241;,
   0.059464;0.363727;0.168379;,
   0.053036;0.365643;0.153742;,
   0.053542;0.345959;0.138067;,
   0.051436;0.322285;0.140767;,
   0.034554;0.375604;0.104937;,
   0.053542;0.345959;0.138067;,
   0.038722;0.262002;0.139112;,
   0.035203;0.288941;0.142311;,
   0.067516;0.251142;0.130698;,
   0.038411;0.306543;0.155612;,
   0.000001;0.251053;0.102008;,
   0.000001;0.232178;0.087527;,
   -0.000000;0.075241;-0.000962;,
   0.000000;-0.061545;0.053731;,
   0.000000;-0.083067;0.027021;,
   -0.000619;-0.086446;0.002360;,
   0.000000;0.280290;0.099614;,
   0.000000;-0.045593;-0.030234;,
   0.017234;0.418899;0.204051;,
   -0.000000;0.420053;0.207069;,
   0.020119;0.332200;0.082882;,
   0.012582;0.355822;0.085531;,
   0.012774;0.347065;0.081471;,
   -0.000000;0.429559;0.127513;,
   -0.000000;0.414727;0.106840;,
   0.014875;0.376904;0.099457;,
   -0.000000;0.050984;0.118097;,
   0.067516;0.251142;0.130698;,
   0.061906;0.066586;-0.481713;,
   0.019524;0.326070;0.080477;,
   0.011857;0.326975;0.073285;,
   0.011672;0.329941;0.078508;,
   -0.000000;0.359734;0.071313;,
   -0.000000;0.348164;0.076493;,
   0.011420;0.335469;0.075669;,
   -0.000000;0.330424;0.078155;,
   -0.000000;0.326560;0.070115;,
   -0.000000;0.390393;0.088003;,
   -0.000000;0.380225;0.087812;,
   0.099887;0.187311;0.152372;,
   -0.000000;0.337038;0.072279;,
   0.081010;0.187567;0.126227;,
   0.085578;0.192086;0.109882;,
   0.084585;0.209592;0.086309;,
   0.049953;0.344826;0.186777;,
   0.080957;0.110588;-0.253691;,
   0.034049;0.124041;-0.246884;,
   0.041146;0.087466;-0.314426;,
   0.073408;0.069111;-0.314630;,
   0.086498;0.157718;-0.195057;,
   0.039241;0.152178;-0.183857;,
   0.078159;0.106751;-0.097435;,
   0.021774;0.104042;-0.099642;,
   0.063093;0.045429;-0.021494;,
   0.014251;0.063683;-0.020720;,
   0.041022;0.030227;-0.027348;,
   0.039318;0.058441;-0.380391;,
   0.066083;0.022843;-0.379202;,
   0.033527;-0.008305;-0.272047;,
   0.031642;-0.044679;-0.331856;,
   0.002567;-0.068056;-0.364067;,
   0.001880;-0.039262;-0.296959;,
   0.001641;-0.003375;-0.237881;,
   0.032688;0.038095;-0.208674;,
   0.001675;0.009077;-0.185665;,
   0.040329;0.066603;-0.202297;,
   0.022950;0.014151;-0.157640;,
   -0.000868;-0.019392;-0.126807;,
   0.000000;-0.082708;-0.017605;,
   0.081010;0.187567;0.126227;,
   -0.068853;0.240706;0.103359;,
   -0.079002;0.223364;0.092333;,
   -0.033277;0.232968;0.097409;,
   -0.028067;0.253852;0.123594;,
   -0.084704;0.209753;0.086340;,
   -0.090645;0.172620;0.083229;,
   -0.054006;0.183310;0.054140;,
   -0.040920;0.210812;0.069673;,
   -0.029034;0.258762;0.165896;,
   -0.046860;0.228486;0.186508;,
   -0.078106;0.225856;0.179257;,
   -0.070038;0.241845;0.156019;,
   -0.083349;0.006378;0.062416;,
   -0.076569;0.017957;0.068125;,
   -0.042914;0.001077;0.082338;,
   -0.042026;-0.014417;0.075922;,
   -0.071273;0.056680;0.028389;,
   -0.084221;0.024851;0.023333;,
   -0.043439;0.074349;0.003185;,
   -0.069851;0.028786;-0.010290;,
   -0.041024;0.030227;-0.027348;,
   -0.000000;-0.000390;0.080823;,
   -0.000000;-0.017215;0.072688;,
   -0.052058;0.093913;0.148069;,
   -0.056988;0.131586;0.171853;,
   0.000001;0.128022;0.175028;,
   -0.000000;0.092956;0.152071;,
   -0.062434;0.045445;-0.021866;,
   -0.094429;0.012768;-0.032077;,
   -0.113561;0.078157;-0.113191;,
   -0.078217;0.106084;-0.098146;,
   -0.111492;0.114712;-0.199465;,
   -0.087690;0.156337;-0.195658;,
   -0.013532;0.043373;-0.025782;,
   -0.028739;0.090233;-0.112913;,
   -0.028592;0.024702;-0.151343;,
   -0.009042;-0.045182;-0.053175;,
   -0.055723;0.125039;-0.201786;,
   -0.054011;0.088377;-0.202470;,
   -0.108263;0.022108;-0.145219;,
   -0.086624;-0.035706;-0.055487;,
   -0.094320;0.083163;-0.199009;,
   -0.094698;-0.038949;-0.425997;,
   -0.089989;-0.078548;-0.404218;,
   -0.055132;-0.078771;-0.404069;,
   -0.049803;-0.036253;-0.427462;,
   -0.084531;0.109705;-0.254659;,
   -0.111642;0.080325;-0.239934;,
   -0.104317;0.039835;-0.302296;,
   -0.079393;0.069141;-0.316458;,
   -0.091833;-0.002893;-0.367832;,
   -0.074728;0.023827;-0.382047;,
   -0.039455;0.086157;-0.258928;,
   -0.046615;0.050945;-0.306302;,
   -0.038698;0.020442;-0.277301;,
   -0.034343;0.048706;-0.217963;,
   -0.055897;-0.002130;-0.376229;,
   -0.057530;-0.014505;-0.347571;,
   -0.100076;0.011039;-0.277028;,
   -0.105822;0.041875;-0.209402;,
   -0.081633;-0.014124;-0.342982;,
   -0.090324;0.001102;0.006140;,
   -0.013532;0.043373;-0.025782;,
   -0.042026;-0.059884;0.055788;,
   -0.092057;-0.041673;0.040064;,
   -0.040063;-0.071800;-0.009654;,
   -0.086038;-0.052596;-0.025572;,
   -0.047486;0.052594;0.116656;,
   -0.083731;0.100814;0.131760;,
   -0.095217;0.113173;0.119189;,
   -0.079480;0.066425;0.095602;,
   -0.071861;0.095124;0.054700;,
   -0.088743;0.141387;0.073966;,
   -0.048920;0.107282;0.028156;,
   -0.054400;0.156419;0.041769;,
   -0.121079;0.244941;0.090750;,
   -0.141562;0.226441;0.048287;,
   -0.069503;0.229941;0.094005;,
   -0.151752;0.199862;0.008717;,
   -0.105658;0.186195;0.001940;,
   -0.084976;0.209568;0.038123;,
   -0.082928;0.172256;0.108292;,
   -0.084976;0.209568;0.038123;,
   -0.097748;0.150380;0.064565;,
   -0.105658;0.186195;0.001940;,
   -0.117654;0.138055;0.006732;,
   -0.092106;0.168086;0.113467;,
   -0.154380;0.167312;0.075048;,
   -0.133403;0.185427;0.116338;,
   -0.163645;0.151623;0.013310;,
   -0.133570;0.221332;0.104270;,
   -0.151671;0.216273;0.001974;,
   -0.137550;0.242328;-0.049902;,
   -0.102747;0.234005;-0.058073;,
   -0.096949;0.201407;-0.007222;,
   -0.128301;0.261662;-0.095124;,
   -0.103831;0.250922;-0.095144;,
   -0.096949;0.201407;-0.007222;,
   -0.102747;0.234005;-0.058073;,
   -0.127453;0.188132;-0.081724;,
   -0.115549;0.147092;-0.033690;,
   -0.103831;0.250922;-0.095144;,
   -0.123790;0.222982;-0.114450;,
   -0.154035;0.194656;-0.075037;,
   -0.169966;0.161853;-0.024448;,
   -0.139810;0.230913;-0.113682;,
   -0.080735;0.334124;-0.190986;,
   -0.103395;0.295058;-0.206328;,
   -0.095310;0.279039;-0.194116;,
   -0.072293;0.318264;-0.178296;,
   -0.070589;0.295486;-0.138639;,
   -0.070065;0.307005;-0.136869;,
   -0.076787;0.306006;-0.150100;,
   -0.072791;0.295766;-0.149634;,
   -0.108708;0.239616;-0.145822;,
   -0.086338;0.271867;-0.115303;,
   -0.099617;0.298093;-0.133870;,
   -0.114494;0.265235;-0.172394;,
   -0.129782;0.277759;-0.175136;,
   -0.142974;0.253968;-0.138661;,
   -0.120596;0.287523;-0.105869;,
   -0.115884;0.308989;-0.137497;,
   -0.099296;0.242626;0.155407;,
   -0.103981;0.255277;0.128778;,
   -0.067516;0.251141;0.130699;,
   -0.070038;0.241845;0.156019;,
   -0.093797;0.142057;0.157720;,
   -0.038720;0.262002;0.139112;,
   -0.099222;0.247294;0.104306;,
   -0.098265;0.230143;0.100205;,
   -0.079002;0.223364;0.092333;,
   -0.068853;0.240706;0.103359;,
   -0.096623;0.185798;0.166311;,
   -0.099146;0.190964;0.164030;,
   -0.057777;0.172792;0.182555;,
   0.000001;0.166598;0.183842;,
   0.000001;0.226513;0.179726;,
   -0.078106;0.225856;0.179257;,
   -0.099146;0.190964;0.164030;,
   -0.085583;0.192237;0.109902;,
   -0.069503;0.229941;0.094005;,
   -0.099513;0.187506;0.152364;,
   -0.089011;0.163708;0.094895;,
   -0.095936;0.152424;0.127420;,
   -0.084704;0.209753;0.086340;,
   -0.101287;0.148438;0.142942;,
   -0.086338;0.271867;-0.115303;,
   -0.035203;0.288941;0.142311;,
   -0.026043;0.286907;0.163529;,
   0.000000;0.287450;0.172162;,
   0.000031;0.259117;0.170818;,
   -0.115884;0.308989;-0.137497;,
   -0.080735;0.334124;-0.190986;,
   -0.103395;0.295058;-0.206328;,
   -0.085237;0.312477;-0.125188;,
   -0.080799;0.286998;-0.123741;,
   -0.080799;0.286998;-0.123741;,
   -0.087722;0.289943;-0.139872;,
   -0.101466;0.310356;-0.140289;,
   -0.101466;0.310356;-0.140289;,
   -0.070065;0.307005;-0.136869;,
   -0.070589;0.295486;-0.138639;,
   -0.076787;0.306006;-0.150100;,
   -0.100939;0.038774;-0.444224;,
   -0.106499;0.034640;-0.466649;,
   -0.070685;0.067471;-0.484792;,
   -0.069364;0.070128;-0.465031;,
   -0.051386;-0.053298;-0.379978;,
   -0.048431;-0.021959;-0.406848;,
   -0.049803;-0.036253;-0.427462;,
   -0.055132;-0.078771;-0.404069;,
   -0.057530;-0.014505;-0.347571;,
   -0.092926;-0.051371;-0.377589;,
   -0.081633;-0.014124;-0.342982;,
   -0.094698;-0.038949;-0.425997;,
   -0.095848;-0.019873;-0.396612;,
   -0.089989;-0.078548;-0.404218;,
   -0.074728;0.023827;-0.382047;,
   -0.091833;-0.002893;-0.367832;,
   -0.041871;0.059514;-0.462627;,
   -0.035745;0.058328;-0.479723;,
   -0.035745;0.058328;-0.479723;,
   -0.106499;0.034640;-0.466649;,
   -0.028739;0.090233;-0.112913;,
   -0.055723;0.125039;-0.201786;,
   -0.039455;0.086157;-0.258928;,
   -0.046615;0.050945;-0.306302;,
   -0.055897;-0.002130;-0.376229;,
   -0.055897;-0.002130;-0.376229;,
   -0.046110;0.298348;0.126432;,
   -0.027269;0.288838;0.124559;,
   -0.028589;0.295965;0.106146;,
   -0.037519;0.302679;0.107249;,
   -0.038411;0.306543;0.155612;,
   -0.030495;0.307450;0.178395;,
   -0.019681;0.429821;0.170500;,
   -0.000000;0.434014;0.172371;,
   -0.033917;0.387145;0.101042;,
   -0.016958;0.388769;0.094522;,
   -0.030249;0.409960;0.119719;,
   -0.043398;0.322631;0.112128;,
   -0.051436;0.322285;0.140769;,
   -0.044542;0.305245;0.139034;,
   -0.052560;0.347650;0.170419;,
   -0.053036;0.365642;0.153744;,
   -0.048803;0.371996;0.127587;,
   -0.043654;0.409902;0.137473;,
   -0.052320;0.401743;0.162740;,
   -0.049953;0.344826;0.186777;,
   -0.039116;0.344410;0.208699;,
   -0.000000;0.340913;0.219349;,
   -0.032856;0.391984;0.215755;,
   -0.000000;0.389764;0.225928;,
   -0.049277;0.350719;0.119678;,
   -0.034041;0.319180;0.095636;,
   -0.034842;0.355121;0.096235;,
   -0.019502;0.301136;0.075242;,
   -0.025758;0.424342;0.135382;,
   -0.039361;0.420193;0.166847;,
   -0.034467;0.416320;0.196028;,
   -0.048001;0.396904;0.197331;,
   -0.017234;0.418899;0.204051;,
   -0.000000;0.420053;0.207069;,
   -0.000000;0.310101;0.193566;,
   -0.048001;0.396904;0.197331;,
   -0.034467;0.416320;0.196028;,
   -0.062428;0.343040;0.168481;,
   -0.055809;0.325017;0.141243;,
   -0.056104;0.348579;0.156425;,
   -0.059281;0.363726;0.168380;,
   -0.055809;0.325017;0.141243;,
   -0.062428;0.343040;0.168481;,
   -0.059281;0.363726;0.168380;,
   -0.053036;0.365642;0.153744;,
   -0.053542;0.345958;0.138070;,
   -0.051436;0.322285;0.140769;,
   -0.034554;0.375603;0.104939;,
   -0.053542;0.345958;0.138070;,
   -0.035203;0.288941;0.142311;,
   -0.038720;0.262002;0.139112;,
   -0.067516;0.251141;0.130699;,
   -0.038411;0.306543;0.155612;,
   0.000000;-0.061545;0.053731;,
   0.000000;-0.083067;0.027021;,
   -0.000619;-0.086446;0.002360;,
   0.000000;-0.045593;-0.030234;,
   -0.017234;0.418899;0.204051;,
   -0.000000;0.420053;0.207069;,
   -0.020119;0.332200;0.082882;,
   -0.012774;0.347065;0.081471;,
   -0.012582;0.355822;0.085531;,
   -0.014875;0.376904;0.099457;,
   -0.000000;0.050984;0.118097;,
   -0.067516;0.251141;0.130699;,
   -0.070685;0.067471;-0.484792;,
   -0.011857;0.326975;0.073285;,
   -0.019524;0.326070;0.080477;,
   -0.011672;0.329941;0.078508;,
   -0.011420;0.335469;0.075669;,
   -0.099513;0.187506;0.152364;,
   -0.080923;0.187858;0.126254;,
   -0.085583;0.192237;0.109902;,
   -0.084704;0.209753;0.086340;,
   -0.049953;0.344826;0.186777;,
   -0.035177;0.123314;-0.247702;,
   -0.041105;0.088213;-0.315796;,
   -0.001380;0.093814;-0.313169;,
   -0.000463;0.122500;-0.241511;,
   -0.041006;0.150632;-0.185198;,
   -0.000197;0.141621;-0.178248;,
   -0.023705;0.102804;-0.101076;,
   -0.000084;0.098356;-0.104764;,
   -0.014435;0.062892;-0.021696;,
   0.000031;0.060148;-0.027664;,
   -0.000001;0.033451;-0.041131;,
   -0.041024;0.030227;-0.027348;,
   -0.041112;0.059673;-0.381933;,
   -0.002137;0.072941;-0.375699;,
   -0.028559;-0.045659;-0.339772;,
   -0.081619;-0.014124;-0.342980;,
   -0.100076;0.011039;-0.277028;,
   -0.034483;-0.007136;-0.275484;,
   -0.105822;0.041875;-0.209402;,
   -0.040051;0.032905;-0.213673;,
   -0.043030;0.060164;-0.203198;,
   -0.094320;0.083163;-0.199009;,
   -0.108263;0.022108;-0.145219;,
   -0.025781;0.010017;-0.160444;,
   0.000000;-0.083067;0.027021;,
   -0.040063;-0.071800;-0.009654;,
   -0.080923;0.187858;0.126254;,
   -0.062434;0.045445;-0.021866;,
   -0.078217;0.106084;-0.098146;,
   -0.087690;0.156337;-0.195658;,
   -0.084531;0.109705;-0.254659;,
   -0.079393;0.069141;-0.316458;,
   -0.074728;0.023827;-0.382047;,
   0.085205;-0.035471;-0.056060;,
   0.105566;0.022766;-0.146076;,
   0.039276;-0.071386;-0.009653;,
   0.091697;0.085019;-0.198471;,
   0.102034;0.043101;-0.207827;,
   0.093924;0.011262;-0.274742;,
   0.073120;-0.014744;-0.339790;,
   -0.086624;-0.035706;-0.055487;;
   916;
   3;0,2,1;,
   3;2,0,3;,
   3;4,6,5;,
   3;6,4,7;,
   3;8,10,9;,
   3;10,8,11;,
   3;12,14,13;,
   3;14,12,15;,
   3;16,12,17;,
   3;12,16,15;,
   3;18,20,19;,
   3;20,18,16;,
   3;5,22,21;,
   3;22,5,6;,
   3;13,24,23;,
   3;24,13,14;,
   3;25,27,26;,
   3;27,25,28;,
   3;29,31,30;,
   3;31,29,32;,
   3;31,33,30;,
   3;33,31,34;,
   3;35,37,36;,
   3;37,35,38;,
   3;38,39,37;,
   3;39,38,40;,
   3;36,42,41;,
   3;42,36,37;,
   3;37,43,42;,
   3;43,37,39;,
   3;41,31,32;,
   3;31,41,42;,
   3;42,34,31;,
   3;34,42,43;,
   3;44,46,45;,
   3;46,44,47;,
   3;48,50,49;,
   3;50,48,51;,
   3;49,53,52;,
   3;53,49,50;,
   3;54,56,55;,
   3;56,54,57;,
   3;57,58,56;,
   3;58,57,59;,
   3;55,61,60;,
   3;61,55,56;,
   3;56,62,61;,
   3;62,56,58;,
   3;60,50,51;,
   3;50,60,61;,
   3;61,53,50;,
   3;53,61,62;,
   3;32,20,63;,
   3;20,32,29;,
   3;64,66,65;,
   3;66,64,19;,
   3;13,67,12;,
   3;67,13,68;,
   3;68,69,67;,
   3;69,68,70;,
   3;70,41,69;,
   3;41,70,36;,
   3;48,34,51;,
   3;34,48,33;,
   3;51,43,60;,
   3;43,51,34;,
   3;43,55,60;,
   3;55,43,39;,
   3;39,54,55;,
   3;54,39,40;,
   3;12,63,17;,
   3;63,12,67;,
   3;67,32,63;,
   3;32,67,69;,
   3;69,41,32;,
   3;71,72,25;,
   3;73,75,74;,
   3;75,73,76;,
   3;75,77,74;,
   3;77,75,78;,
   3;79,78,80;,
   3;78,79,77;,
   3;81,83,82;,
   3;83,85,84;,
   3;85,83,86;,
   3;87,89,88;,
   3;89,90,88;,
   3;90,89,91;,
   3;92,94,93;,
   3;92,88,94;,
   3;92,87,88;,
   3;88,95,94;,
   3;95,88,90;,
   3;96,94,83;,
   3;94,86,83;,
   3;86,94,95;,
   3;97,99,98;,
   3;99,97,100;,
   3;100,101,99;,
   3;101,100,102;,
   3;103,105,104;,
   3;105,103,106;,
   3;106,107,105;,
   3;107,106,108;,
   3;104,110,109;,
   3;110,104,105;,
   3;105,111,110;,
   3;111,105,107;,
   3;109,100,97;,
   3;100,109,110;,
   3;110,102,100;,
   3;102,110,111;,
   3;112,114,113;,
   3;114,112,115;,
   3;116,118,117;,
   3;118,116,119;,
   3;120,122,121;,
   3;122,120,123;,
   3;120,125,124;,
   3;125,120,121;,
   3;126,125,127;,
   3;125,126,124;,
   3;95,97,86;,
   3;97,95,109;,
   3;86,98,85;,
   3;98,86,97;,
   3;90,103,104;,
   3;103,90,91;,
   3;104,95,90;,
   3;95,104,109;,
   3;128,96,129;,
   3;96,128,93;,
   3;129,130,128;,
   3;130,129,131;,
   3;72,28,25;,
   3;28,72,132;,
   3;9,133,8;,
   3;134,136,135;,
   3;136,134,137;,
   3;81,137,134;,
   3;138,11,139;,
   3;138,10,11;,
   3;138,140,10;,
   3;141,11,142;,
   3;11,141,139;,
   3;128,130,143;,
   3;93,144,92;,
   3;93,143,144;,
   3;93,128,143;,
   3;145,87,146;,
   3;87,145,147;,
   3;74,148,73;,
   3;148,74,149;,
   3;150,147,145;,
   3;7,149,74;,
   3;148,151,73;,
   3;102,152,101;,
   3;152,102,126;,
   3;102,124,126;,
   3;124,102,111;,
   3;111,120,124;,
   3;120,111,107;,
   3;120,108,123;,
   3;108,120,107;,
   3;8,154,153;,
   3;154,8,133;,
   3;153,155,8;,
   3;155,153,156;,
   3;121,113,114;,
   3;113,121,122;,
   3;122,112,113;,
   3;112,122,157;,
   3;158,125,159;,
   3;125,158,127;,
   3;159,121,114;,
   3;121,159,125;,
   3;126,160,152;,
   3;160,126,161;,
   3;162,122,123;,
   3;122,162,163;,
   3;122,164,157;,
   3;164,122,163;,
   3;165,126,127;,
   3;126,165,161;,
   3;161,166,160;,
   3;166,161,167;,
   3;162,117,163;,
   3;117,162,116;,
   3;163,118,164;,
   3;118,163,117;,
   3;165,167,161;,
   3;167,165,168;,
   3;169,171,170;,
   3;171,169,172;,
   3;173,175,174;,
   3;175,173,176;,
   3;177,179,178;,
   3;179,177,173;,
   3;180,179,181;,
   3;179,180,182;,
   3;183,169,170;,
   3;169,183,184;,
   3;175,186,185;,
   3;186,175,176;,
   3;45,187,44;,
   3;187,45,188;,
   3;180,169,182;,
   3;169,180,172;,
   3;19,29,66;,
   3;20,29,19;,
   3;29,30,189;,
   3;30,190,189;,
   3;190,30,33;,
   3;33,191,190;,
   3;191,33,48;,
   3;191,49,192;,
   3;49,191,48;,
   3;192,52,193;,
   3;52,192,49;,
   3;194,170,186;,
   3;170,194,183;,
   3;170,185,186;,
   3;185,170,171;,
   3;186,176,194;,
   3;194,173,177;,
   3;173,194,176;,
   3;179,174,181;,
   3;174,179,173;,
   3;178,182,184;,
   3;182,178,179;,
   3;182,169,184;,
   3;16,17,20;,
   3;17,63,20;,
   3;66,195,65;,
   3;196,198,197;,
   3;198,196,199;,
   3;200,153,154;,
   3;153,200,201;,
   3;202,204,203;,
   3;205,207,206;,
   3;196,209,208;,
   3;209,196,197;,
   3;210,208,211;,
   3;208,210,196;,
   3;212,214,213;,
   3;214,212,215;,
   3;212,213,211;,
   3;201,217,216;,
   3;217,201,200;,
   3;218,220,219;,
   3;220,218,216;,
   3;210,199,196;,
   3;214,205,206;,
   3;221,223,222;,
   3;197,198,224;,
   3;224,226,225;,
   3;226,224,198;,
   3;227,214,206;,
   3;228,229,213;,
   3;229,228,230;,
   3;219,232,231;,
   3;214,228,213;,
   3;156,201,233;,
   3;201,156,153;,
   3;233,216,218;,
   3;216,233,201;,
   3;220,216,234;,
   3;235,220,234;,
   3;236,238,237;,
   3;238,236,239;,
   3;208,240,211;,
   3;240,208,241;,
   3;211,242,212;,
   3;242,211,240;,
   3;243,236,244;,
   3;236,243,239;,
   3;244,237,245;,
   3;237,244,236;,
   3;246,221,222;,
   3;221,246,215;,
   3;221,212,247;,
   3;212,221,215;,
   3;199,248,1;,
   3;248,199,249;,
   3;133,9,250;,
   3;249,210,251;,
   3;210,249,199;,
   3;210,211,251;,
   3;252,2,253;,
   3;2,252,1;,
   3;19,254,18;,
   3;254,19,64;,
   3;23,68,13;,
   3;68,23,255;,
   3;68,256,70;,
   3;256,68,255;,
   3;256,36,70;,
   3;36,256,257;,
   3;258,1,252;,
   3;1,258,199;,
   3;257,259,36;,
   3;36,259,35;,
   3;260,203,261;,
   3;203,260,202;,
   3;262,263,222;,
   3;263,262,264;,
   3;198,258,226;,
   3;258,198,199;,
   3;265,204,227;,
   3;265,206,266;,
   3;206,265,227;,
   3;222,267,246;,
   3;267,222,263;,
   3;89,87,147;,
   3;82,83,84;,
   3;78,16,18;,
   3;16,78,75;,
   3;75,15,16;,
   3;15,75,76;,
   3;15,71,14;,
   3;71,15,76;,
   3;14,268,24;,
   3;268,14,71;,
   3;248,269,1;,
   3;1,269,0;,
   3;135,129,134;,
   3;129,135,131;,
   3;134,96,81;,
   3;96,134,129;,
   3;96,83,81;,
   3;94,96,93;,
   3;29,189,66;,
   3;205,215,246;,
   3;267,205,246;,
   3;205,267,207;,
   3;205,214,215;,
   3;187,188,270;,
   3;224,272,271;,
   3;223,221,209;,
   3;224,223,197;,
   3;271,273,262;,
   3;273,271,272;,
   3;263,275,274;,
   3;273,276,262;,
   3;277,272,278;,
   3;272,277,273;,
   3;223,271,262;,
   3;271,223,224;,
   3;223,209,197;,
   3;208,221,247;,
   3;221,208,209;,
   3;222,223,262;,
   3;266,207,279;,
   3;207,266,206;,
   3;207,280,279;,
   3;280,207,267;,
   3;280,263,274;,
   3;263,280,267;,
   3;264,262,276;,
   3;76,73,72;,
   3;138,281,140;,
   3;73,132,72;,
   3;132,73,151;,
   3;72,71,76;,
   3;272,225,278;,
   3;155,11,8;,
   3;276,277,282;,
   3;277,276,273;,
   3;275,276,282;,
   3;276,275,264;,
   3;28,141,27;,
   3;141,28,139;,
   3;139,132,138;,
   3;132,139,28;,
   3;132,281,138;,
   3;281,132,151;,
   3;281,148,283;,
   3;148,281,151;,
   3;283,149,284;,
   3;149,283,148;,
   3;7,284,149;,
   3;284,7,4;,
   3;6,79,22;,
   3;79,6,77;,
   3;77,7,74;,
   3;7,77,6;,
   3;5,3,4;,
   3;3,5,2;,
   3;285,137,82;,
   3;137,285,136;,
   3;137,81,82;,
   3;92,146,87;,
   3;146,92,144;,
   3;2,21,253;,
   3;21,2,5;,
   3;286,213,229;,
   3;251,211,286;,
   3;213,286,211;,
   3;234,216,217;,
   3;227,202,228;,
   3;202,230,228;,
   3;230,202,260;,
   3;232,220,235;,
   3;228,214,227;,
   3;26,71,25;,
   3;71,26,268;,
   3;155,142,11;,
   3;18,80,78;,
   3;80,18,254;,
   3;272,224,225;,
   3;275,263,264;,
   3;202,227,204;,
   3;232,219,220;,
   3;287,289,288;,
   3;289,287,290;,
   3;291,288,292;,
   3;288,291,287;,
   3;293,292,294;,
   3;292,293,291;,
   3;295,294,296;,
   3;294,295,293;,
   3;296,297,295;,
   3;298,290,299;,
   3;290,298,289;,
   3;300,302,301;,
   3;302,300,303;,
   3;304,300,305;,
   3;300,304,303;,
   3;306,305,307;,
   3;305,306,304;,
   3;308,306,307;,
